A
3
262913
197888
5
UTF-8
531
9
526
16
0.9500000000000003
0.9533333333333325
0.9437037037037028
0.9485416666666667
0.9464583333333332
0.9595999999999999
0.9569333333333334
0.959351851851852
0.9516515151515149
0.9458500867087823
0.916567149758454
0.9134653016057106
0.8697243016467402
0.9102726928681111
0.8786427919359378
0.852323731541141
1026
1
262153
3
dim
13
2
8
2
254
526
16
0.9533333333333336
0.9503703703703696
0.9399999999999992
0.9420833333333328
0.9437500000000001
0.9597333333333335
0.9520000000000002
0.9561111111111115
0.9764621212121212
0.9711762620632186
0.9414598104793758
0.9368487647352787
0.8834385849008177
0.9310037060349059
0.8963046945033254
0.8679412631789473
1026
511
13
2
8
2
254
526
16
0.95
0.9485185185185178
0.9362962962962953
0.9512500000000002
0.9381249999999999
0.9625333333333331
0.9531999999999994
0.9569444444444448
0.9872676767676768
0.9831492574338111
0.9512150002976086
0.9428556944618678
0.8916426008004644
0.9338767453135479
0.9002604033815118
0.8711739218175748
1026
511
13
2
8
2
254
526
16
0.9158333333333338
0.9107407407407401
0.8933333333333328
0.8918750000000002
0.8943749999999998
0.9038666666666663
0.9087999999999999
0.9075000000000003
0.8930266955266956
0.8591268407920585
0.8576470798757982
0.8084704902187784
0.7582435433303264
0.7953907397905298
0.731730750228397
0.6739895593555956
1026
511
13
2
8
2
254
526
16
0.9183333333333334
0.9085185185185179
0.8981481481481475
0.9008333333333333
0.9029166666666665
0.9061333333333336
0.9056000000000002
0.9047222222222225
0.9490353535353535
0.941154463440619
0.895056482512816
0.865948425271943
0.8028990049580028
0.8587066263142492
0.7810734177670021
0.7334603575164469
1026
511
13
2
8
2
254
526
16
0.9249999999999998
0.9129629629629622
0.8877777777777776
0.9183333333333336
0.8981250000000003
0.9166666666666669
0.9229333333333331
0.9225925925925932
0.9816212121212122
0.9671989917537234
0.9210413438480676
0.8913366469993217
0.8226828846102896
0.8773661802923783
0.7947932910599458
0.7440098089032113
1026
511
13
2
8
2
254
526
16
0.8149999999999999
0.8566666666666662
0.8583333333333336
0.8649999999999998
0.8650000000000003
0.8875000000000003
0.8855
0.8946666666666665
0.915
0.9105
0.8291666666666664
0.8336201298701299
0.7619469696969692
0.8381200918964073
0.7652086097596928
0.7018750544446947
1026
511
13
2
8
2
254
526
16
0.8149999999999999
0.8633333333333333
0.8399999999999999
0.8608333333333331
0.8800000000000001
0.9005000000000006
0.8874999999999998
0.887
0.975
0.9676666666666666
0.9033333333333333
0.8963358585858585
0.8121464646464644
0.8910383552206302
0.8085637930610836
0.7530765187419608
1026
511
13
2
8
2
254
526
16
0.825
0.8649999999999998
0.8550000000000001
0.889166666666667
0.8641666666666664
0.9045000000000004
0.8945000000000004
0.9026666666666665
0.995
0.9813333333333333
0.9196666666666669
0.9078333333333335
0.826669191919192
0.9054921679197989
0.8252846841840649
0.7641732598680124
1026
511
13
2
8
2
254
1026
1
262153
5
names
16
9
262153
6
s100DC
262153
7
s1000DC
262153
8
s10000DC
262153
6
s100AN
262153
7
s1000AN
262153
8
s10000AN
262153
6
s100PW
262153
7
s1000PW
262153
8
s10000PW
254
