6 3 0 0 0 0 0 0 0
0 0 1.21 0 0 0 -0.46 0 0
0 0 0 0.42 0 -0.71 0 0 0
0 0 0 0.24 0 0 0 0 0
0 0 0 0 0 0.91 0 0 0
0.26 -1.33 0 0 0 -0.83 0 0 0
0 0 -1.37 0 0 0 0 0 0
-1.17 0 0 -0.46 0 0.78 0 0 0
0 0 0 0 -1 0 0 0 0
0 0 -0.52 1 1.17 0 0 0 -0.53
0 0 0 0 0 0 0 0 0
0.79 0.95 0 0 0.43 0 0 0.32 0
0 0 0 0 0 1.21 0 -1.12 0
0 0 0 0 0 0 0 -1.09 0
0 -0.69 0 1.01 0 0 0 0 0
0 0 0 -1.28 0 0.31 0 0 0
-0.4 1.21 0 0 0 0 -0.66 0 0
0 0 0 0 0 0 0 0 0
0 0 0 0 -1.47 0 0 0 0
0 0 0 0 0.27 0 0 0.36 0
0 1.47 0 0.61 0 0 0 -0.25 0
0 0 0 0 -0.58 0 0 0 0
0 0 0 0 0 0 -1.08 -0.77 0
0 -0.77 0 0 -1.06 0 0.84 0 0
0 0 -0.4 0 0 0 -1.06 0 0
0 1.05 0 0 0 0 -0.33 0.42 0
0 0 0 0 0.57 0 0 0.31 0
-0.99 0 -1.28 0 0 0 0 0 0
0 0 0 0.3 0 0 0 0 0.21
0.4 0 0 0 0 0 -1.08 0 1.28
0 0 0 -1.47 0 0 0 0 0
0 0 0 0 0 0 0 0 0
0 0 0 0 0 0 0 0 0
0 0 1.27 0 0 0 0 -0.69 0
0 -0.73 0 0 0 0 0 0 -0.92
0 0 0 0 0.91 0 0 0.34 0
1.08 0 0 0 0 0 0 0 0
0 0 0 0 0 0 0 0 0
0 0 1 0 0 0 0 0 0
-0.52 0 0 0 0 0 -0.71 0 0.27
-0.66 0 0 0 0 -0.78 0 0 0
0 0 0 0 -0.24 0 0 0 0
0 0 0 0 0 0.49 0 -1.03 0
0 0 0.6 0 0 -0.63 -0.26 0 0
0 0 0 -0.61 -1.2 0 0 0 0
0 -1.17 0 0 0 0 0 0.9 1.05
0 0.9 0 0 1.1 0 0 0 -0.78
0 0 0 0 0 0 0 -0.74 0
1.42 0 0 0 0 0 0 0 0
0 0 0 0 0 1.5 0 -1.47 0
0.71 0 0 0 0 0 0 -1.21 0
1.13 0 0 0 0 0 0 -0.72 0
0 0 0 0 0 0 0 0.86 0
-0.66 0 0 0 0 0 0 -0.47 1.03
0 0 0 0 0 0 -1.04 -0.86 0
0 -0.49 0 0.9 0 0.22 0 0 0
0 0 0 0 0.68 0 0 0.88 0
0 0 0 0 0 0 0 0 0
0 0 -0.21 0 0 0 -0.43 -1.31 0
0 0 0 0 0 -0.97 0 0 0.72
0 0 0 -1.41 0 0 0 -0.84 0.67
0 0 0 0 0.56 -0.45 0 0 0
0 0 0 0 0 0.54 0 0 0
-1.39 0 0 0 0.28 0 0 0 0
0.98 -0.45 0 0 1.04 -0.47 0 -1.12 0
0 0 0 0 0 0 0 0 -0.25
0 0 0.53 0 0 0 0 0 0
0 -0.3 -0.79 -0.83 0 0 0 0 0
0 0.58 0 0 -0.32 0 0 0 0
0.43 0.4 0 0 0 0 0 1.49 -0.39
0 0 0 0.66 0 0.96 0.3 0 0
0 0 0 0 0 0 0 0 0
-0.95 0.21 0 0.66 0.56 0 0 0 -0.51
0 0 0 0 1.4 0 0 -1.14 0
-0.46 0 0 0.49 0 0 -0.79 0 0
0 0 0.48 0 0 0 0 0 0
-1.03 0 0 0 0.37 0 0 0 0
0 0 0 0 0 0 0 0 0
-0.39 0 0 0 0.96 0 -1.26 0 0
0 1.2 0 0 0 0 0 0 0
0 0 0.81 0 0 0 0 0 0
0 0 1.46 0 0 -0.62 1.16 0 0
0.33 0 0 0 0 -0.29 0.4 -0.97 0.98
-1.5 0 0 0 0 -0.46 -1.33 -0.52 0
0 0 0 0 0 0 0 0 0.59
0 0 0 -0.53 0 0 0 0 0
0 0 0 0 0.25 -0.96 1.22 0 0
0 0 0 0 0 0 0 0 -1
-1.26 0 0 -1.24 0 0 -0.29 0 0
0 0 1.21 0 0 0 0 0 0
0.49 0 0.47 0 0 0 0 0 0
-1.1 -1.12 0 0 0 0 0 -1.23 0
0 0 0 0 0 0 0 0 -1.21
0 0.85 0 0 -0.77 0 -0.96 -0.41 0
0 -1.19 0.32 0 0 0 0 0 0
0 -0.49 0 0 0 0 0 0 -0.32
0 0 0 0 -0.22 -0.53 0 0 0
1.11 0 0 0 0 0 0 0 -1.42
0 0 0 0 0 0 0 0 0
0.46 0 0 0.52 0 0 0 0.7 0
-1.05 0 0.33 -0.59 0 0 0 1.06 -0.78
-0.95 0.31 0 -0.63 0 0 0 0 0
0 0 0 0 0 0 0 0 0
0 0 0 0 0.25 -0.42 1.18 0 0
1.2 0 0.34 0 0 0.45 -1.43 1.39 0
0 -1.17 0 0.23 0 0 0.83 0 0.54
0 0 0 0 0 0 -0.91 0 0
0 0 0 0 0 0 0 0.93 0
0 1.01 0 0 0 0 0 -1.05 0
0 0 0 0 0 0 0 0 0
0 0 0 -0.42 0 0 0 0 0
0 0 0 0 0 1.04 0.4 0 0
0 0 0.77 -0.75 1.09 0 0 -1.25 0
0 0 0 0 0 0 0 0 0
0 0 0 0.81 1.38 0 0 0 0
0 -0.21 -1.4 0 0 0 0 1.45 -0.69
-1.14 0 0 0 0 -0.24 0 0 0.59
-0.61 0 0 0.78 -1.06 0 0 -0.6 0
0 0 0 -0.26 0 0 0 0 -0.84
1.15 0.3 0 0 0 0.96 0 0 0.8
0 0 0 0 0 0 0.34 0 0
0 0.66 0 -0.48 -0.3 1.08 0 0 -1.15
0 0.28 -0.95 0 0.29 0 0 -0.49 0
0 0 1.08 0 0 0 0.52 0 0
1.35 0 -0.73 0 0 0 0 0 0
0.97 -0.37 0 0 0 0 0 -0.99 1.11
0 0 -0.63 0 0 0 0 0 0.57
-0.32 0 0 0 0 0 0 -0.27 1.26
0 0 -0.61 0.44 -0.86 -0.47 0.21 -0.68 0
0 0 -0.45 0 -0.49 1.08 0 0 0
0 0 0 0 0 0.43 -0.39 0 -1.34
0 0 0 0 0 0 0 0.32 0
0 -0.38 -0.6 0 -1.35 0 -0.71 0 0
0 0.44 0 0 0 0 0 0 0
-0.96 0 -1.49 0 0 -0.72 0 0 0
0 0 0.93 0 0 1.25 0 0 0
0 0 0.31 0 0.34 0 -0.96 0.22 0
0 0.21 0 -0.91 -0.45 -0.84 0 0 0
0 -1.02 0 0 -1.01 0 0 0 0
0 0 0 0 0 0 0 0 0.99
0 -0.53 0 0 -0.26 0.45 0 0 0
0 0.65 0 0 0.39 -0.74 0 0 0
0.72 0 0 0 -0.92 0 0 0 0
0 0 0 0.28 0 0 0.41 0 0
0 0 0 0 0 0 0 0.21 0
0 0 0 0 0 0.28 0 0 -0.44
0 -0.94 0 0 0 -1.4 0 0 0
0.77 0 0 0 0 0 0.5 -0.26 0
0 0 -0.52 0 -0.33 0.82 0.63 0 0
1.2 0 0 0 0.63 -0.66 0 0 0.26
0 0 0.84 0 0 0.82 0 1.17 0.34
0 -0.63 0 0 0 0 0 0 -1.49
1.03 0 -0.68 0 0 0 -0.99 0 0
0 0 0 0 0 0 0 0 -0.46
0 0 0 0 -1.26 0 0 0 0
0 0 0 0 0 0 0 0 0
0 -0.99 0 0 0.21 -1.17 0 0 0
-1.04 0 0 0 0 0 -0.32 -0.52 -1.33
0 0 0 0 0 0 0 0 0
0 0 -1.31 -0.28 0 0 0 0 -1.42
0 0 0 -1 0 0 0 0 0
0 0 0 0.81 -0.96 0 0 0.78 0
0 0 0 0 0 0.66 0 0 0
0 0 0.37 0 0 0 0 -0.85 0
0 0.69 0 0 0 -0.31 0 -0.41 0.49
0 0 -0.85 0 0 0 0 0 0
0.78 1.39 -0.84 0 0 -0.24 0 0 0.52
0 0 0 0 0 0 0 0 0
0 0 0 0.29 0.94 0.72 0.21 0 -0.34
0 0 0 0 -1.42 -1.5 0 0 0
0 0 0 -1.28 0 0.48 0.4 0 0.9
0 0 0 0 1.19 1.22 -0.25 1.41 0.24
0 0 -0.43 0 0 0 0 0 0
0 0 0 0 0 0 0 0 0
0 0 0 0 0 0 0 -0.31 0
0 0 -1.36 0 -1.21 0 -0.47 0 0
0 0 0 0 0 0 0 -0.65 0
0 0 0 1.11 -0.83 -0.23 0 0 1.36
-0.66 0 0 0 0 -1.3 0 0 0
0 0 0.37 -0.3 0 0 0 0 0
0 0 0 0 0 0 0 0 0.85
0 0 0 0 0 0 0.56 0 -0.64
0.99 0 0 0 0 0 0 0 0.34
0 -1.32 0 1.47 -0.73 0.46 -1.19 0 0
0 -1.38 0 1.06 0.69 -0.25 -0.87 0 0
0 0 0 0 0 0 0 0 0
1.11 -0.88 0 0 0 0 0 0 -0.84
-1.08 0 0 0.33 0 0 0 -0.68 0
-0.95 0 0 0 0 0.34 0 0 0
0 0.86 0 -0.77 0 0 0 0 0
0 0 0 0 0 -0.92 0.9 0 0
0 -0.77 -0.35 0 0 0 0 0 0
-0.28 0.61 0 0.92 0 0 0.44 0 0
0 1.49 0 0 0 0 0 0 0
0 0.93 0 0 0 0 0 0.54 -0.91
0 0 0 0 0 -0.61 0.57 -0.87 0
0 0 0 0 1.36 0 0 0.33 0
0 0 1.14 0 -1.35 0 0.63 0 -0.94
0 0 0 0 0 0 0 0 0
0 0 -0.76 0 -0.25 0 0.59 0.84 0.21
-0.6 0 0 0 0 0 0 0 0
0 0 0 0 0 0 0 0 0
0 0 0 0 0 -1.48 0 0 -0.97
0.95 0 0 0 0 0 0 1.46 0
0 0 0 0 0 0 0 0 0
0 0.82 0 0 0 0 0 1.35 0
0 -0.68 0 0.32 0 0 0 0.58 0
-0.27 -1.18 0 0 0 0 0 0 0
0 0 0 0 -1.41 0 0 0 0
0 0 0 0 0 0 -0.81 0 -1.34
-1.38 0 0 0 0 0 0.26 1.35 0
0 0 0 -0.36 0 1.31 0.3 -0.91 0
0 0 0 0 0 0 0 0 -1.43
0 0 0 0 0 0 0 -1.31 0
0 1.32 0 0.49 0 0 0 0 -1.49
0 0 0 0 0 0 0 0 0
0 0 0 0 0 0.66 0 0 0
0 0 -0.31 0 0 0 0 0 0
0 0 0 0 0 0 -0.46 0 -0.26
0.77 0 0 -1.47 1.02 1.16 0 -0.49 1.14
0 -0.38 0 0 0 1.49 0 0 0
-0.68 0 0 0 0 1.1 0 -0.84 0
0 0 0.67 0 0 0.74 0 0 -1.05
0 0 1.27 0 0 0 0 -0.44 0
1.29 0 0 0 0 0 0 0 0
0.7 0.2 0 0.53 0 0.38 0 0 0
0 0 0 0.62 0 0 0 0 0
0 0 0 -0.75 0 0 0 -0.6 0
0 0 0 0 0 0.74 0 0 0
0 0 0 0 1.22 -0.52 0 0 1.26
0 0 -0.27 0 0 0 0 0 0
-0.65 0.42 0 0 0 0 0 0 0.93
0 0 0 0 -0.86 0 -1.01 0 0
0 1.05 0 -0.89 0.96 0 1.47 -0.66 0
-1.29 0 0 -0.59 0 0 0.26 -0.4 0
0 0 0 0 0 0 -0.46 -0.79 0
0 0 0 0 0 1.24 0 0 0
0 0 0 0 1.42 0 0 0 -1.29
-0.29 0 0 0 0 0 0 0 -0.56
0 0 0 0 0 0 0 -0.24 0
0 0 0 0 -1.21 0 -0.44 0.46 0
-0.54 0 0.4 0 1.16 0 0 0.36 0
0 -0.53 0 0 0 0.91 -1.06 0.36 1.08
0 0 0 0 0 0 0 0 0
0.99 0 0 0 0.79 0 0 -0.44 0
0 0 0 0 0 0 0 -0.25 0
0 0 0 -0.71 0 0 0 -0.28 0.27
-0.48 0 0 -0.42 0 0 0 0 0
0 0 0 0 0 0 0.73 0 0
0 0 -0.69 0 0 -0.71 0 0 0
0 0 -0.54 1.48 0 0 0 0 0
0 1.35 0 0 -0.96 0 0 -0.72 0
-0.25 0 0 0 0 -0.69 1.14 1.14 0
0 0 0 0 -0.79 0.78 0 -1.04 0
0 0 0 0 1.2 0 0 0 0
-1.44 0 -0.83 0 0 0 0.71 0 1.39
-0.41 0 0.25 0 -1.02 0 0 0 0
-1.49 0 0 0 0 1.36 -0.87 0 0
0.56 0 0 0 -1.18 0 0 -0.93 0
0 0 0 -0.53 -0.99 0 0 0 0
0 0 0 0 0 0 0.9 0 0
0 -0.54 -0.43 0 0 0 -1.27 -1.49 -0.44
0 0 0 0 0 0 0 0 0
0 0 0 0 0 0 0 0 0
0 0 0 0.31 -1.49 -0.86 0 0 -0.86
0 0 0 0 0 0 0 0 0
1.42 0 0 0 -0.71 0 0 0 0
1 0 1.02 0 0 1.06 0 0 -0.83
0 0 1.42 -0.72 0 0 0 0 0
0 0 0.57 0 1.38 0 0 0 0
0 0 0 0 0 0 0 0 0
0.46 0 0 0.63 0 0 0.75 0 0
0 0.72 -1.05 0 0 0 0 0 -0.5
-1.02 0 -0.58 0 -1.08 0.88 0 0 -0.2
0 0 0 -0.35 0 0 0 0 0
0 0.3 0 0 0 0 -0.59 0 -1.39
0 0 0 0 -0.24 0 0 0 -1.31
0 0 0 0 0 0 0 0 0
1.01 0.92 0 0 0 0 0 0 1.24
0 -0.78 0 0 1.05 0 0 1.08 0
0 0 -1.26 1.46 0 -0.29 0 0.39 -0.58
0 0 0 0 0 0 0 0 0
-0.74 0.46 0 1.2 0 0 0 0 0
0 0.33 0 0 0 0 0 0 0
0 0 0 0 0 0 0.5 0 0
0 0 0 0.89 0 0.84 0 0 0
1.2 1.28 -1.41 0 0.25 0 0 0 -0.23
0 0 0 0 0 0 0 0 1.41
0.87 0 0 0.33 0 0.89 -0.69 -0.53 1.08
0 0 0 0 0 0 0 -0.45 0
-0.26 0 0 1.24 0 0 0 0 0.23
0 1.05 0 0 0.44 0 0 0 0
0 -0.78 0 0 0 0 0 0 0
0 0 0.62 0 0 0 0 -0.84 0
0 0 -1.09 0 0 0 0 0 0
0 0 0 -0.31 0 0 0 0.72 0
0 0 -0.93 0 0 0 0 0 0.58
0 0 0 -0.22 1.29 0 0.89 0 1.06
0 1.23 0 0 0 0 0 0 0
0 0.5 0 0 -0.39 0 0 0 0
0 -0.58 -0.54 0 0 -0.64 0 0 0
0 0 -0.89 0 0 0.24 0 0 0
-1.03 0 -1.18 0 0 0 0 0 0
0 0.59 0 0.45 0 0 -0.29 0 0
0 0 0 0 0 0 0 0 0
0 -1.07 0.72 0 0 0.76 0 0 0
0 -0.75 0 0 -0.68 0 0 0 0
0 0 0 0 0 0 0 -1.21 0
-1.37 0 0 1.35 0 -0.79 0 1.32 0
0 0 -0.98 0 0 0.85 0 0 0
0.61 0 0 0 -0.47 0 0 -1.2 0
0 0 0.85 0 0.65 0 0 0 -0.64
0 0 0 0 0 0 0 0.98 0
0 0 0 1.24 0 0 0 0 -0.92
0 0 0 0 -0.3 0 0 0 0
0 0 0 -0.64 0 0 0 0 0
0 0 0 0 0 -0.3 0 0 0
0 0 -0.63 0 0 0 0 0 0
0 0 0 0 0 0 0 0.52 0
-1.22 0 0.38 0 -0.71 0 0 0 -0.38
0 -1.09 0 -0.3 0 0 0 0 0
0 0.29 0.61 1.37 0 0 0 0 0
0 0 0 0 0 1.19 -0.72 0 0
0 0 0 0 0 1 0 0 0
0 0 0.32 0 0.7 0 0 0 -0.53
0 0 0 0 0 0 0 0 0
0 0 0 0 0 0 0.26 0 0
0 1.23 0 0 0 0 -0.34 0 -1.35
0 -1.17 0 -0.82 0 0 0 0.34 0
0 0 0.7 0 0 0 0 0 0
0 0 0 0 1.47 -0.45 0 0 1.34
0 0.56 0 0 0 0 0 1.24 0
-1.35 -0.4 0 0 1.03 0 0 0 0
-0.35 0 0.22 0 0 0 0.34 0 0
0 -0.98 0.71 0 0 0 0 0 0
0 0 -0.79 -0.46 -1.41 0 0 0 0
0 0.91 0 0 1.05 0 0 0 0.82
0.57 0.31 1.21 0 -1.42 0 0 0 1.38
0 0 0 0 0 0 0 0 0
0 0 1.46 0 0 0 0 0.86 0
0 0 0 0 0 0.48 0 0 -0.8
0.49 0 0 0.22 0 0 0 0 0
0 0 0 0.53 0 0 0 0 0
-0.32 0 0 0 0 0.36 0 -0.49 0.58
-0.74 0 0 0 0 0 0 0.62 -0.34
0 -0.58 0.2 0 -0.71 0 -0.72 0 0
-0.86 0 0.25 0 0 0 0 -0.26 0
-1.11 0 0 0 -0.62 0 -1.1 0 0
0 -1.23 0 0 0 0 0.33 0 0
0 0 0.31 -0.23 1.07 0 0 -0.71 -1.08
0 0 0 0.84 0 0 -0.31 0 0
0.69 1.17 0 0 0 0 0 0 0
0.57 0 -0.57 -0.27 0 0 0.35 0 0.72
0 -0.79 0 0 -0.83 0 0 0 1.22
0 0 0 0.52 0 0 0 0 0
0 0 0 0.56 0 0 -1.19 0.44 0.99
0.32 0 1.34 0 0 0 0 0 0
0 0 0 0 0 0.91 0 0 1.14
0 0.68 0 0.33 -0.84 0 0 0 0
0 0 0 0 0 0 0.7 0 0
0 0 0 0 -0.79 0 0 0 0
-0.43 0 0 0 0 0 0 -1.25 0
0 0 0 0 0 0 0 0 0
0 0 0 0 1.13 0 0 0.66 0
0 -0.71 0 0 0 -1.04 1.19 0.65 0
0 0 0 -0.74 0 0 0 0 0
0 0 0 0 -0.47 0 0 -0.41 0
0 0 0 0 0 -0.32 0 0 0
0 0 0 0 -0.78 0 0 -0.23 -0.66
0 0 0 0 0 0.92 0 0 0
-0.4 0 0 0.61 -1.44 0 0 0 0
-0.3 1.14 0 0 0 0 0.78 0 0.87
0 0 -0.51 -1.08 0 0.56 0 0 0
0 1.41 0 -0.95 0 0 0.9 0.5 1.34
0 0 0 0 0.97 0 0 -0.77 1.08
1.02 -0.45 0 -0.27 0 -0.44 -0.73 0 0
0 0.38 -0.47 0 1.17 0.59 0 0 0
0 0 0 -0.67 0 0 -0.49 0 0.48
0 -1.16 0 0 0 0 -0.88 -0.26 -0.5
0 -1.23 0 -0.95 0 0 0 0 -0.31
0 -0.58 0 0 0 0 0.29 0 0
0 0 0.64 0 0 0 0 0 -0.57
0 0 0 0 0 -0.87 0 -0.36 0
0 0 0 0 -0.55 1.43 0 -1.04 0
0 0 0 0 0 0 1.22 0 0
0 -1.43 0.65 0 0 0 0 0 -0.77
0 0 0 0 0 0 0 0 1.13
0.24 0 0 0 0 0 0 0 0
0 0 0 0 0 0 0 0 0
1.19 0 0 -0.61 0 -1.23 -1.2 -0.44 0
0 0 0.61 0 0 0 0 0 0
1.29 0 -1.38 0 -0.5 -0.69 -1.18 0 0
-0.9 0 0 0 0 0 0 0 0
0 0 0 0 0 -0.21 0 0 0
0 0 0 0.74 0.58 0 -1.01 0 0
0 0 -0.61 0 0 0 0 0 -1.27
0 0 0 0 0 0 -1.29 0 0
0 -1.45 0.45 0 0 0 0 -0.4 0.23
0 0 0 0 0 0 0 -1.27 0
0 0 0 0.71 0 0 0 -0.44 0
0.52 0 -0.67 0 1.04 0 0 0.29 0
0 0.33 0 0 0 -0.32 0 0 0
0 0 0 -0.82 0 0 -1.29 0 0
0.24 0 0 0 0 0 0.51 -1.09 0.38
0 -0.92 0 0 0 0 0.44 0 0
0 0 0 -0.2 -0.33 0 0 0 0
0 0 -0.83 0.79 0 0 0 0 0
0 0 0 0 0 0 0 0 0
0 0 0 0 0 0 0 0 0
0.38 0 0 0 0 0 0 -0.85 0
0 0 0 0 0 0 0 0 0
0 0 -0.95 0 0 -0.78 0 0 0
0 1.05 0 0 0 -1.28 0 -0.95 0
0 0 0 0 0 0 0 0 0
0 0 0.68 0 0 0 0 0 -0.8
0 0 0 0 -1.1 0 1.02 0 0
0 0 0 0 0 0 0 0 0
0 0 0 0 0 -0.67 1.09 0 0
0 0 0 0 -0.32 0 0 -0.46 0
0 0 -0.56 0 -0.73 0 0 -1.14 1.32
0 -0.29 0 -1.43 0 0 0 0 0
-0.94 0 0 0.74 0 0 0 0 0.53
0 -0.73 0 0 0 0 0 0 0
0 0.66 0 0 0 0 0.54 0 0.25
0 -1.35 0 0 0 0 0 0.96 0
0 0 0 0 0 0 0 0 0.63
0 0 0 0 0 0.74 0 0 0.67
0 0 0 0 0 -0.68 0 1.32 1.18
-0.24 0 0 0.25 0 0 0 -0.97 0
0 0 0 -0.9 -1.15 0 -1 0 0
0 0.46 0.75 0 -0.28 0 0 0 -1.02
0 0 0 0 0.59 0 0 1.18 0
0 -0.68 0 0 -1.08 0 0 0 0
0 0 0 0 0 0 0.88 0.74 0
0 0 0 0 0 0 0 0 0.96
-0.25 0 0 0 0 0 0 0 0
0 0 0 0 0 -0.48 0 0.54 0
0 -0.78 0 0 0 0 -1.23 0 0
0 0 0 0 0 0 0 0.33 0
0 0 0 0 0 0 0 0 0
0 0.62 0 0 0 0 0 0 0
0 0 -0.78 0 0 0 0 0 0
0 1.41 0 0 0 0 0 0 0.65
0 0 0.46 0 -0.65 0 0 0 0
0 0 0 0 0 0 -0.63 0 0
0.29 -1.24 0 0 0 0 -1.35 0 0
0 0 0.61 0 0 0 0 0 0
0 0 -0.72 0 0 0 -0.27 0 0
0 -0.51 0 0 0 -0.78 0 0 0
0 0 0 0 0 0 -0.69 0 0
-1.35 -0.93 0 0 0 0 0 0 0
0 0 0.75 0 0 -1.29 0.36 -1.2 0
0.45 0.47 0 0 0 1.39 0 0 0
0 0 0 0 0 0 -0.8 0 0
0.61 0.37 0 0 -0.75 1.26 0.95 0 0.53
0.51 -0.32 0 0.35 0 0 0 0 0.57
0 0 0 0 -0.2 0 0 0.22 0
0 0 0 0 0 0 -0.56 0 0
-0.24 -0.53 -0.62 0 1.16 0 0 0 0
0 0 0 0.77 0 0 0 0 0
0 0 0 0 0 0 -0.72 0 1
0 0.39 0 0 0 0 0 0 0
0 0 0 0 0 0 0 0 -0.76
0 0 0 0 0 0 0 0 0
0 0 0 0 0 0.38 0 0 0
0.43 0 0 0 -0.22 0 0 0 0
0 0 0 -1.17 0 0 0 -0.24 0
0 -0.45 0 0 0 0 -0.59 0.31 0
0.25 0 0 0 0 0 0 0 0
-0.92 0 0 0 0 0 0 0 0
0 0 0 0 0 0 0 0 0.21
0 0 0 0 0 0 -1.01 0 0
0 0 0 0 -0.49 -0.82 0 -0.75 0
0.66 0 0 0.61 0 0 0 0 0
-0.85 0.23 0 0 0 0 -0.53 0 0
0 0 0 0 0 0 0 -0.38 0.61
0 0 0 -0.91 0 0 0.44 0 0
-0.64 0 -1.14 -1.24 -0.94 0 -0.47 0 0
0 0 0 -1.41 0.59 0 0 0 0
0 0 -0.54 0 0 0 0 0 0
0 0 1.26 0 0 0 0 1.42 0
0 0 0 0 -1.02 0 0.41 0 0
0 0 0.36 0 -0.59 0 0 0 0
0 0 0 0 0 0 1.02 0 0
0 0 0 0 0 0.37 0 0 0
0 0 0 0 -0.94 0 0 0 0
0 0 0 0 0 0 0 0 0
-0.9 0 0 0 0 0 0 0 0
0 0 0 0 0 0 0.5 -0.79 0
0 0 0 0 0 0 0 0 0
0 0 0 1.39 0 0 1.05 -0.33 0
0 -0.99 0 0 0 0 0 0 0
0 0 0 0 0.81 0 0 -0.72 0
1.37 -1.1 0 -1.2 -1.07 0 -0.34 0 0
0 -0.5 1.4 -0.39 -0.42 0 0 0 0
-1.48 -0.31 0 0 0.52 0 0 0 -0.86
0 0 -0.32 0 -0.3 0 0.41 0 -0.62
0.33 0 0 0.33 -0.72 0 0 0 -1.4
0 0 0 0 0.87 0 0 0 0
0 0 0 0 0 0 -0.76 0 0
-0.54 -0.46 0.6 0 0 0 0 0 0
-1.05 0 0 0 -1.36 0 0.86 0 0
0 0.37 0.4 0 0 0 0 0 0
-0.37 -0.6 0 0 0 0 0 0 0
-0.88 0.98 0 0 0 0 0 0 0
0 0 0 0 0 0 -1.01 0 0
-1.42 0 0 0 -1.33 1.2 0 -1.15 0
0 0 0 1.13 0 0 0 0 0
0 0 0.26 0 0 0 0.65 0 0
0 0 1.43 0 -0.66 -1.25 1.12 0 -0.8
0 0 -0.33 0 0 0 0 0 0
0 0 0 -0.89 0 1.47 0 0 1
0.78 0 0 0 0 0 0 0 0
0 0 0 0 0 0 0 0 -0.71
0 -0.3 0 0 0.45 0 0 0 0
0 0 -0.39 0.31 0 0 0 0 -0.84
0 0 -0.41 1.26 0 0 -0.78 0 -1.24
0 0.46 0 0 0 1.32 0 0 0.7
0 0 0 0 0 0 0 0 -1.27
0 -0.31 0 0 0 0 0 0 0.69
0 0.83 0 0 0 0 0 -0.34 0
-0.53 0.65 0 0 0 0.48 1.39 0 0
0 0.6 0 -0.4 0 1.43 0 -0.34 0
0 0 0 0 -0.68 0 0 -0.48 0
-0.97 0.22 -0.62 0 -0.84 0 1.05 0 0
0 0 -0.21 -0.49 0 0 -0.38 0 0.57
0 0 -0.24 0.56 0 -0.57 0 0 0
0 0.84 0 1.15 0 0 -0.37 0 0
0 0 0.84 0 0.79 0 0 0 0
0 0 0 0.63 0 0 -0.41 0 0
0 0 -1.41 0 0 0 0 0 0
0 -0.46 -0.27 0 0 -0.31 0 0 0
0 -0.42 0 0 0 0 0 0 0
-0.22 0 -0.82 1.14 0 0 0.37 0 0
0 1.01 0 0 0 0 -1.17 0 0
0 0 0 0 0 0 0 0.21 0
0 0 0 0 0 0 0 0.33 0
-0.34 0 0 0 -1.26 0 1.23 0 1.27
0 0 0 0.62 0 0 0 0 -0.63
0 0 0 0 0.47 0 0 0 0.83
-0.48 -0.81 0 0 0 0.83 0 0 0.57
0 0.28 0 0 0 0 0 0 -0.73
0 0.29 0 -0.94 -1.4 0.57 0 -0.89 -0.35
0 0 0 0 0 0 1 0 0
-1.29 0 0 0 0 0 0 0 0
0 0 0.49 0 0 1.33 0 0 0
0 0 -0.59 0 0 0 0 0 0
0 0 0 0 0 0 0.54 0 0
-0.87 0 0 0 -1.2 0 0 0 0
0 0 0 0 -0.33 0 0 0 0
0 0 0 0 0.46 0 1.12 0 0
0 0 0 -1.23 0 1.24 -0.44 0.75 0
0 0 0 0 -0.81 -0.3 1.06 -1.05 0
0 0 0 1.18 1.03 0 0 0 0
0 0 0 -0.56 0 0 0 0 0
0.75 0 0 1.48 0 0 0 -1.34 0
-0.5 0 0 0 0 0 0 0 0
0 0 0 0 0 0 0 -0.49 0
0 0 0 0 -0.76 0 0 0.88 0
0 -0.86 0 -0.76 0.56 -0.55 -1.18 0 0
0 -0.5 0 0 0 -0.23 0 0 0
0.58 0 0 0 0 0 0 -1.21 0
0 0 0.76 0 0 0 0 0 0
-0.95 0 0 0 0 0 -0.47 0 0
0 0 0 0 0 0 0 -0.68 0.5
0 0 0.76 0 0 0 0.68 -0.64 0.49
0 -0.87 0 0 0 -0.75 0 0 0
-0.38 0 0 0 0 0 0 0 0
0.74 0 0 0 -0.3 0.48 0 0 0
0 0 0 0 0 -0.75 0 0 0.36
0.47 0 0 -0.62 0 -0.32 -0.32 0 0
0 0 0 0 0 0.29 0 0 0.62
0 -0.51 1.48 0 0 0 0 0 0
0 0 -1.5 0.85 0 0 0 0 -1.01
0 -0.81 0.69 1.07 0 -0.61 0 0 0
0 0 0 0.87 0 -1.1 0 0 0
0 0 0 0.61 0 0.9 0 0 0
0 0 -0.3 -0.89 0 0 0 0 0
0.56 0 -0.8 0 0.29 0 -0.64 0 0
0 0 0 0 0 0 0 0 0
0 0 0.95 0 -0.45 -0.98 1.36 0 0.63
0 1.43 0 1.14 -0.58 -0.27 -1.25 0 0.62
0 0 0 0 0 0 0 0 0
0 0 -1.02 0 0 0 0 0 0
0 0 0.96 0 0.32 0 0 -0.77 0
1.16 0.47 0 0 0 1.22 0 0.64 0
-0.44 0 0 0 0 0 0.32 0 0
0 0.45 0 0 0 0 0 1.38 0
0 0 0 0 0.99 0 0 0 0
0 0 0 0 0 0 0 0 0
-1.35 0.5 0 0 0.52 0 -0.85 0 0.35
0 -1.46 1.22 0.81 0 0.96 0 -0.37 0
0 0 -0.89 0 0.56 0 0 0 -1.28
0 0 0 0 -0.64 0 0 0 0
0 0 -1.33 0 0 0 0 -1.3 -0.74
0 0 -0.6 0 -0.39 0 -0.61 0 1.26
0 -0.72 0 0 0 0 0 0 -0.28
0 0.96 0 0 0 0 0 0 0
0 0 -1.38 0 0 0.77 -1.03 0 1.36
0 0 0 0 0 0 0 0.29 0
0 0.63 0 0 1.04 0 0 0 0
1.11 0 0.51 0 0 0 0 -0.76 0
0 0 0 0.23 1.42 0.34 0 0 0
0 0 -0.98 0 0 0 -0.36 0 0
0 0 0 0 0.34 1.02 -1.38 0 0
0 -0.21 -0.42 0 0 -0.81 0 0 0.54
0 0 0 0 0.76 0 1.16 0 -0.49
0 0 0 0 0.7 0.32 0 0 0
0 0 0 0.47 0 0 0.89 0 0
-0.41 0 0 0 -0.65 0 0 0 0
0 0 0 -0.37 0 -0.81 0 0 -0.3
0 0 0 0 0 0 0.22 0 0
0 -0.94 0.27 0.99 0 1.47 0 0 0
0 0 0 0 -0.55 -0.34 0 0 0
0 -0.38 0 -1.14 0 0 0.39 0 0
0.61 0 0 0.66 0 0 0 0 -0.84
-0.77 0 0 0 0 0.84 0 0 0
0 0 0 0 0 0 -0.83 -0.36 0
0 0 0 0 -0.77 0 0 0.4 0
0 0 0 0 0 0 0 0 -0.46
0 1.28 0 0 0 0 0 0 -1.47
0.54 -0.91 0 0 0 -0.78 0 0 0
-0.69 0.23 0 0 0 0 0.82 0.8 0
-1.46 0 0 0 0 0 0 0.35 0
1.42 0 0.83 0 0.31 0.46 0 -0.83 0
0 0 0 0 0 0 0 0 0
0 0.65 0 0 0 0 -1.09 0 1.28
-1.32 0 0 0 0 0 0 0 0
0 0 0.24 0 0 0 0 0.78 0
0 0 0 0 -0.9 0 -1.1 0.93 -0.69
0 0 0 0 0 -0.44 0 0.23 -0.56
-0.78 1.03 0 0 0 0 0 0 0.7
0 0 0 0 0 1.13 0.57 0 0
0.36 0 0 0 0.76 0 0 0.98 0
0 0 0 -0.21 -0.59 0 0 0 0
0 0 0 1.35 -1.07 0 0 -1.04 0
0 0 0 0 0 0 0 0 0
0 0 0 0.21 0 0 -0.42 -0.99 0.34
0 -1.13 0 0 0 0.69 0.87 0.75 0
0 0 0.26 0 0 1.45 0 0 -0.73
0 0 0 0 0 -0.67 0 0 0
0 0 0 0 0.22 0 0 0.69 0
0 0 0 0 0 0 0 0 0
0 0 0 0 0 0 0 0 0
0.5 0 -1.03 0 0 0 0 1.28 1.06
0 0 0 0 -0.46 0 0 1.03 0.91
-1.48 0 0 -1.3 0 0.36 0 0.76 0
0 0 0 0 0 0 0 0 0
0 0 0 0 0 0 0 0.62 -0.27
0 0 0 0 0 0 0 -0.51 0
0.87 0.59 0 -1.34 0 0 0 0 0
0 -0.51 -0.49 0 0 -0.54 -0.34 0 0
0 0 0.44 0 0 0 0 0 0
0 0 0 0 0 1.13 0 -1.08 0.79
-1.46 0 0 0 0 0 0 1.18 0
0.54 0 0 0.23 0 0 -0.22 0 0.48
0 0.26 1.3 0.45 0.41 0 0.41 0 0
0 0 0 0 0 -0.82 0 0 0
0 0.89 0 0.92 0 0 0 0 0
0 0 -0.56 0 0 0 0 0 0
0 -0.33 0 0 0 1.19 -0.24 0 -0.61
-0.26 0 0.43 -0.48 0 0 0 -1.26 0
0 0 1.09 -0.92 0 0 0 0 0
0.77 0.44 -0.98 0 0 0 0 0 0
0 0 0 0 0 0 0 0 0
0 0 0 0 0 0 -0.3 0.37 0
0 0 -0.9 0 0 0 0 0 0
0 0 -0.35 0 0 0 0 -1.05 -0.6
0 0 1.31 0 0 0 0 0 0
0.35 0 0 -0.33 0 0.47 0 0.79 0
-1.24 0 0 0 0 -0.33 0 0.4 0
1.07 0 0 -0.24 0 0 0 0.4 0
0 0 0 0 0 0 0.54 0 0
-0.21 0 0 0 0 -0.98 0.6 0 0
-0.93 0 0 0 0 0 0 0 0
1.45 0 0 0 1.07 0 0 0 0
0 0 0.61 0 1.09 1.34 0 0 0
0 0 0 0 0 0 0 -1.07 0
0 0 -0.69 0.66 0 0 0 0 0.69
-0.32 0.62 0 0 0 0 0.38 0 0
0 -0.79 0 -0.24 0 0 0 0 -1.01
0 0 0 0 0 0 0 0 0
1.45 -0.77 0.99 0 0 0 0 0 0
-0.34 0 0 0 0 0 0 0 0
0 0 0 -0.83 0 0 0 0 0
0 0 0 0 0 1.44 0 0 0
0 0 0 -0.68 0 -0.74 0 0 0.33
0 0 0 0 0 0 0 0 0
0 0 0.84 0 0 0 0 0.38 0
0 -0.31 0 0 0 0.81 0 0 0
0 0 0 -0.37 -0.25 0 0 0 1.18
0 -1.16 0 0 0 0 0 0 0
0 0.68 0 0 0 0 0 0.42 0
0 0 0.77 -0.82 -0.6 0 0 0 0
0 0 0 0 0 0 0 0 0
0 0 0 0 0 0 0 0 0
-1.29 -0.35 0 0 0 0 0 0.29 0
0 0 0 0 0 -0.25 0 0 0.83
0 0 0 0 0.53 0 0 0 -0.41
0 0 0 0.47 0 0 -1.24 0 0
0 0 0 0 0 0 0 -0.28 0
0 0 -0.97 0 0 -1.14 0 0.26 0
0 1.08 0 0 0 0 0 0 0
0 0 0 -0.93 0 0 0 -0.24 0
0 0.58 0 0 0 0 -0.27 0 0
0 0 0 0 0 0 0 0 0
0 0.7 0.61 0 0 0 0 1.39 0
0 0 0 0 0 0.43 -0.22 0.49 -0.43
0 0 1.42 0 1.25 0 0 0 0
-1.26 0 0 0 0 0 -0.7 0 -0.81
0 0 -1.05 0 -1.03 0 0 -0.41 0
0 0 0.66 0 0 1.45 0 0 0
0 0 0 0 0 -1.44 0 0 0
0 0 0 0 0.21 0.76 0 0 0
0 0 0 0 0 1.41 0 0 0
0 0 0 0 0 0 0 0 -0.57
0 0.95 0 0 0 0 0 0 0
0 -0.62 0 0 1.11 0 0 0 0
0 0 0 0 0 0 0.64 0 0
0.72 0 0 1.23 0 0 0.78 -0.89 -1.06
0 0 0 0 0 0 1.04 0 0
-0.22 0 0 0 0 0 0 0 0
0 0 0.42 0 0 0 0 0 1.12
0.74 0 0 0 0 0.74 1.2 -0.77 0
-1.35 0 0 0.56 -0.61 0 0 -0.21 0
0 0 0 0.65 0 0 0 0 0
0 0 0 0 0 0 -1.4 0 0
-0.25 0.78 0 0 0 0 0.82 0 0
0 -0.36 0 0 0 0 0 0 1.29
0 0 0 0 0 0 0 0 0
0 0 0 0 0 0.58 0.31 -0.52 0
0 0 0 0 -0.27 0 0 0 0
1.2 0 0 0 0 0 0 0 0
0 -0.63 0 0.83 0 0 0 0 0
0.59 0 0 0 0 0.29 0 0 0
0 0 -0.5 -1.02 0 0 0.59 0 0
0 -0.69 0 0 0.94 -0.64 0 1.35 0
-0.21 0 0 -0.37 0 0 0 0 0
1.24 0.6 0 -0.99 1.33 -0.92 0 0.96 0
0 0 0 0.67 0 0 0 1.03 -0.56
0 -0.28 0 -1.19 0.27 0 0 0 0.31
0.37 0 -0.64 0 0 -0.69 -0.53 0 0
0 0.4 0 0 0 -1.08 1.14 -1.07 0
0.38 0.46 0 0 0 0 0 0 0
0 0 0 0 0 0 0 0 0
0 0 0 0 0 0 0 0 0
0 0 0 0 0 0 1.48 0 0.35
0.79 0 0 0 0 -0.62 0 0 0.58
0.6 -0.89 0 0 0 0 0 0 -1.17
0 0 0 0 0 0 0.23 0 0
0 0 0.62 -0.3 0 0 0 0.25 0
0.69 0 0 0 0 0 0 0 0
0 0 0 0 0 0 0 -0.5 0
-1.31 0.75 0 0.47 0.45 0 -0.23 0 0
0 -0.93 -1.21 0 -0.63 0 0 0 0
0 -0.92 0.55 0 0 0 0 0 0.26
0.34 0 -0.42 0 0 0 0 1.03 0
0 0 0.88 0 0 0 0 -0.92 0
0 0 0 0 -1.1 0 0 0 0
0 0 0 0 0 0.52 0 0.46 0.95
0 0 -1.04 0 0 0 -0.52 0.43 0
0 0.78 0 0 0.76 0 0 0 0
0 -0.45 0 0 0 0.22 0.91 0 1.08
1.13 0 0 1.37 0 0 0 0 -1.28
0 1.31 -0.6 0 0 0 0 0 -1.49
0 0 0 0 0 0 0 0 0
0 0 0 0.53 0 0 0 0 0
-0.58 0 0 0 0 0 -0.44 -1.01 -0.78
0 -1.29 0 0 0 0 -0.69 0 0
0 0.29 0 0 0 -1 0 0 0
-0.29 0 0 0 0 0.54 -0.31 0 0
0 0 0 0 0.29 0.22 -0.66 0 0
0 0 0 0 0 0 -0.65 -0.67 0
0 0 0 0 0 -0.47 0.72 0 0
0 0 0.59 0 1.4 0.68 0 0 0
0 0 0 0 0 0 0 0 -0.36
0.78 0 0 -1.28 1.26 0 0 0 0
0 0 0 0 1.13 -1.06 0 0 0
0 0.74 0 0 0.59 -0.8 0 0.3 0
0 0 -1.1 0 0 -0.47 0 0 0
0 0 -0.82 0 0 0 0 0 0
0 0 -0.4 0 0 0 0.31 -0.77 0
0 0 1.47 0 0 0 0 0 0
0 0 0 0.66 -1.35 0 -0.39 0 0
0 -1.04 0 0 0 0 0 0 0
0 0 0 0 0 0 0.45 0 0.81
0 0 -0.26 0 0 0 0 0 0
0 0 0 0 0 0 0 0 -0.66
0 0 0 0 0 0 0 0.46 0
0 0 0.4 1.41 0 -1.4 0 0 0.98
0 0 0 0 0 0 -0.76 0 0
0 0 0 0 0 0 0 0 0
0.26 0 0 1.22 0.48 -0.75 0.78 -0.3 0
0 0 0 0 0 0 0 0.25 0
1.36 -0.47 0 0 0 0 0 0 0.4
0 0 0 -0.54 0 0 0 0 0
0 -0.92 0 0 0 -1.07 -1.14 0 0.7
0 0 -1.24 0 0 0.87 0 0.55 0
1.33 0 0 0 0.83 0 0 0 0
0 -0.36 0 0 0 0 0 0 0
0 -0.28 0 -0.31 0 0 1.35 0.63 0
-1.27 -1.28 0 0 0 0.38 0 0 0
0.33 0 0 -1.39 0 0 1.49 0.4 0
0 0 0 1.23 0 0 0.28 0 -0.6
0 0 0 0 0 0.39 0 0 0
0 0 0 0 0 0 0 0 0
0 0 0 0 0.78 0 0 0 0
0 -0.54 -0.75 0 0 0 1.27 0 0
-0.27 0 0 0 0 -0.41 0.63 0 0
1.01 0 0 0 0 0 0.65 0 1.43
0 0 1.4 0 -1.36 1.33 0 0 -1.04
0 -0.51 0 -0.46 -0.97 0 -1.02 0 0
0 0 0 0 0 -0.8 0.45 0 1.24
0 0 0 0 1.18 1.49 0 0.88 0
0 -0.94 0 -0.59 0 0 -1.48 0 0
0 -1.31 0 0 0 0 0 0.54 1.01
-0.32 0 -0.34 0 0 1.15 0 -0.7 0
0 0 0 0 0 0.92 0 0 0
0 0.93 0 0 0 0.98 0 -1.02 0
0 0 0 0 0 0 0 0 0
-0.96 -1.4 1.1 0 0 0 0 0 0
0 0 0 0 0 -0.39 0 0 0
0 0 0 0.66 -0.6 0 0 0 1.47
0 0 0 0 0 -0.21 0 0 0
0 0 0 0 0.55 0 -0.75 0 -0.61
0 0 0 0 0 0 0 0 1.23
0 0 0 0 0 0 0 -0.21 -1
-1.13 1.44 0 0 0 0 0 0 0
0 1.15 0 0 0 0 0 0 0
0 0 0 0 0 0 0 0 -0.23
0 0 0 0 0 0 0 0 0
0 0 0 0 0.24 -0.77 0 0 0
-0.21 0 0.81 0 0 0 0 0 0
0 0 -0.89 0 0 0 0 0 0
0 0 0 0 -0.69 0 0.96 0 0
0 0 0 0 0 0 0 0 0
0 0 0 0 0 0 -0.24 -1.03 -1.35
0 0 0 0 1.11 0 0 1.11 1.42
0 0 0 0 0 -1.11 0 0 0.27
0 0 0 0 -1.09 0.28 0 0 0
-0.23 0 0.43 0 0 0.23 0 0 0
0 0 0 -0.27 0 0.88 -1 -0.88 0
0 0 0 0 0 0 0 0 -0.78
0 0 0 0.27 0 0 0 0.85 -0.93
-0.2 -0.25 1.19 -0.61 0 0 0 0 -0.3
0 0 0 0 0 -1.49 0 0.25 0
0 0 -0.95 0 0 -0.48 0.91 0 0
0 0 0 0 0 0 0 0 0
0 0.4 0 0 0 0 0 0 1.08
0 1.11 0.49 0 0.63 0 0 -1.44 0
0 0 0.44 -0.37 0 0.91 0 0.86 0
0 0 0 0 0 0 0 0 0
0 0 0 0 1.1 0 0 -1.26 -0.72
0 0 0 0 0 -0.61 0 0.67 0
0 0 0 0 0 0 0 0 -1.21
0 0 0 0 0 0 0 0 0
0 -0.65 0 0 0 -0.6 0 0 0
0 0 -0.64 0 0 0.31 0 0.95 0
-1.3 0 0 0 0 0 0 0 -1.21
0 0 0 0 0 -1.4 -1.06 0 -1.3
0 0 0 0 0 0 0 0 0
0 0 0.7 0 0 -0.41 0 0 0
0 0 0 0 0 0 0 0.54 0
0.32 0 0 0 0 0 0.67 0 0
0 0 0 0.29 0 0 0 1.37 0
0 -0.23 0 0 0 0 0 0 0
0 0 0 0 0 0.9 0 0.84 0
-0.6 0 0 0.26 0 0 0 0.29 -0.9
0 0 0 0 0.6 0 -0.6 0 0
0 0 0 0 1.01 0 0.43 -0.57 0.51
0 0 -0.92 0 -0.41 0 0 0 0.29
0 0 0 0 -1.11 0.37 0 0 0
0 0 -0.3 0 0 0 0 0 0
-1.45 0 0 0 0 0 1.44 0 0
0 0 0.62 0 0 0 0 0 0
0 0 0 0 0 0 -1.34 1.32 0
0 0 0 0 0 1.04 0 0 0
0 0 0 -0.75 0 0 0 0 -0.44
-1.48 0 0 0 0 0 0 0 0
0 0 0 1.05 0 0 0 0 0
-0.75 0 0 0 0 0 0 0 0
0 0 0 0 0 0 0 0 0
0 0 -0.72 0 -0.73 0 -0.99 1.1 0
0 0 -0.48 0 0 0 0 0 0
0 0 -1.07 -1.36 0 0 0 -0.59 0
0 0 0.72 0 0 -0.77 0 0 1.5
0 0 -0.65 0 0 0 0 -0.57 0
-0.51 0 0 0 -0.82 0.39 0.53 0 0
-0.57 0.96 0 0 0 0 0 0 0
0 0 0 0 0 0 0.91 0 0
0 0 0 0 0 1.07 0 0 0
0 0 -0.21 0 0 0 0 0 0
0 0 0 0 0 0.58 0 -0.94 0
1.31 -0.26 -0.9 0 0 0 0 0.44 0
0.95 -0.69 0 0 0 0 0 0 0
0 0 0.67 -0.43 0 -1.34 0 0 0
-1.33 0 -0.72 0 0 0 0 0 0
-0.43 0 -0.26 0 1.05 1.3 0 0 0
0 0 0.93 0 0 0 0.48 0 0
1.43 -0.32 0 0 0 0 0 0 0
0 0 0 1.3 0 0 0 1.28 0
