5 3 0 0 0 0 0 0
0 -0.94 0 0 1.14 0 0 0
0 0.61 0 0 0 0 0 0
0 0 0 0 0 0 -0.27 0
0 0 0 0 0.47 0 0 0
0 0 -0.21 0 0 -0.56 0 0.9
0 0 0 0 0 0 -0.85 0
0 0 0 0 0 0 0 0.23
0 0 -0.8 0 0 0 0.52 0
0 0 -0.26 -0.78 0 0 0 0
0 0 -0.24 0 0 0 -1.37 0
0 0 0 1.01 -1.1 0 0 0
0.42 0 0 0 0 0 0 0
0 0 0 0 0 0 0 0.26
0 0 0 0 0 0 0 0
-0.46 0 0 0.3 0 0.88 0 0
0 0 0 0 1.06 0 -1.35 0
0 -0.54 0 0 0 0 -1.23 0.41
-0.65 0.45 0 0 0 0.59 -0.91 0
0 0 -0.57 0 0 -0.36 1.01 0
0 0 -0.61 0 0 0 0 -0.9
1.02 0.38 0 0 0 0 0.7 0
0 -0.96 0.39 0 0 0 0.4 0.51
0.71 0 0.97 0 0 0 0 0
1.29 -1.32 0 0 0 0 0 0
0 0 -0.35 0 -0.55 0 0 0.26
0 0 0 0 0.68 0 0 0.44
0 0.57 0.26 -1.16 0 0 0 0
0 -0.35 0 0 0 0 0 0
0 0 -0.92 0 0 0 0 0
0 0 0.29 0 0 0 0 0.44
0 0 0 0 0 0 0 0
0 1.08 0 0 0 0.75 0 0
0 0 -0.95 0 0 0 0 0
0 -0.3 -0.47 0 0 0 0 0
0 0 0 0 0 0 -0.59 -0.71
0 0 -1.18 0 0 0 0 0
0 -1 0 -0.57 0.55 0 -0.95 0
0 -0.81 0 0 0 0 0.39 0
0 0.42 0 0 0 0 0 0
0 0 0 0 0 -1.05 0 -0.24
0.83 0 0 0 0 0 0 -1.35
0 -0.74 0 0 -0.62 0 0 0.37
0.56 0 0 0 0 -0.68 0 0
0 0.29 0 0 0 0 0.42 1.4
0 0 0 0 0 0.29 0 -0.38
0 -0.85 0 0 -1.06 0.89 0 0.51
0 -0.31 0 0 0 0 0 0
0 1.21 0 0 0 0 0 0
0.47 0 0 0 0 0.9 0 -0.25
0 0.92 0 0 0 0 -0.4 0.38
0 -0.34 0 0 0 0 0 0
0 0 0 0 0 0 0 0
0 0 0 0 0 1.01 1.29 0
0 0 0 -1.21 0 0 0 -0.49
0 0 0 0 -0.46 -1.16 1.3 -0.83
0 0 1.34 0 0 0 0 -0.57
-0.46 0 0.94 0 0 0 0 0
0.88 -0.69 0 -1.24 0 0 0 0
0 0.48 0 0 0 -0.6 0 0
0 0 0 0 0 0 0 0
0 0 0 0 0 1.33 0 -0.77
-0.66 -0.46 0 0 0 0 0 0
0 -1.36 0 0 0 0 0 0
0 0 0 0 0 0 1.46 -0.79
0 0 0 0 0 0 0 -1.03
0 0 0 0 0 0 0 -0.36
0 0 0 0 0 0 0 0
0 0 0 0 -0.7 -0.77 0 0
-0.25 -1.23 0 0 0 -0.59 0 1
0 0 0.64 0 0 -0.55 0 0
-0.2 0 0 0 0 0 -0.78 0
0 -1.25 0 0 -0.23 0 0 0
0 -1.45 -1.2 0 -1.43 0 0 -0.22
0 0 -1.13 0 0.54 0 0 0
-0.23 0 0 0 0 -1.42 0 -0.22
0 1.13 0 0 0 0 0 -1.22
0 0.59 0 0 0 0.45 0.8 0
0 0 0 0 0 -0.53 0 -0.26
0 0 0 0.83 0 0 0 0
0 0 0 0 0 -0.78 0 0.53
0 0 -0.57 0 -0.38 0 0 0
0 0 -0.45 0 0 0 0 0
1.01 0 0 -1.11 0 0 0 0
-0.69 1.43 0 0 0 0 0 0
-0.46 -1.1 0 0 0 0 0 0
0 0 0.97 -0.38 1.1 0 0 0
0 0 0 0 0 0 0 0
0 0 0 -1.46 0 0 0.29 0
0 -1.16 0 0.97 0 0 0 0
-0.47 -0.65 0 0 0 -0.65 0 -0.42
0 0.69 0.44 0 0.78 0 0 0
0 0.74 0 0 0 0 0 0
0 -0.42 0 0 0 0 0 0.35
0 1.45 0.36 0 0.53 0 -1.06 0
0 0 -0.83 0 0.77 0 0 0
0 0 0 0 0 0.73 0 0.2
-0.53 0 0 0 0 0 0 0
0 0 0 -0.82 -1.24 0 0 -0.3
0 0 0 0 0.78 0.91 0.85 -0.98
0 0 0.67 0 0.4 0 0 0
0 0 0 -0.27 0 0 -0.4 0
0 0 0 -0.47 -0.52 1.03 0 0
-0.84 0 0 0 0 0 0.36 0
0 0 0 0.85 0 0 -0.76 0
0 0 0 0 1.26 0 0 0
0 0 0 1.08 0 0 0 0
0 0 0 0 0 0 0 0
0 0 0 0 0 0.89 0 0
-0.46 0 0 0 0 0 0 0
0 0 0 0 0 0 0 1.21
0 0 0 0 0 0 0.65 -0.9
-0.54 0 0 0 0 0 1.13 -0.78
0 0 -1.14 0 0 -0.39 0 0
0 0 0 0 0 0 0 -0.9
0 0 0 0 0 0 0 0
0 0 -0.65 0 0 -1.42 0.74 0
0 0 0 0 0 0 0 -0.84
0 -0.42 0 0 0 0 0 0.21
0 0 0 0 0 1.43 0 0
0 0 0 -0.86 0 0 0 0
0.76 0 0 -0.48 0 -1.38 -0.42 -0.37
0 0 0 0.48 0 0 0 -0.25
0 0 0 0.89 0 -1.4 0.76 0
0 0 0.46 0 0 -1.21 0 0
0 0 0 0 0 0 0 0
0 0 0 0 0 0 0 0
0 0 0 0 0 0 0 0
0 0 1.26 0 -0.49 1.49 -0.25 0
0 0.65 0 0 0 0 -0.42 0.36
0 0 0 0 0 0.62 0 0
-0.92 -0.98 0 0 0 0 0 0
0 0 0 0 0 0 0 -0.46
1.01 0 0 0 0 -0.96 0 0.31
0 0 0 0 0 0 0 0
0 -1.26 0 0 0 0.75 0 0
0 0 0 0 0 0 0 0
0 0 0 0 0 -0.97 0 -0.65
0.32 0 0 0 0 0 -0.98 0
0 0 0 0.73 0.52 0 -0.66 0
-1.46 0 0 0 -1.4 0 -1.08 0
0 0 0 0.21 0 0 0 0
0.42 0 0 0 0 1.3 0 0
0 0.25 0 0 0 0 -0.52 1.31
1.18 0 0 0 -0.21 1.29 0 0
0 0 0 0 0 0.7 0 0
-1.11 0.45 0 -0.72 -1.21 0 0 0
0 0 0 0 0 0 0 0
0 0 0 0 0 0 0 0
0 0 0 0 0 -0.74 0 0
-0.46 0 0 0 0 0 0 0.37
0 0 -0.93 0 0 0 0.42 0
0 0 0 -1.1 0 0 0 0
-0.4 0 1.44 0 1.04 0 0 0
1.24 -0.39 -0.36 0 0 0 0.56 0
0 0 0.26 -0.45 0 0 1.46 0
0 0 -0.95 0 -0.23 0 0.36 -0.52
0 0 0 0 0 0 1.16 0
0.68 0 0 0 0 0.83 0 0
0 0 0 0 0 0 -0.82 0
0 0 0 0 0 -0.72 0 0
-0.84 0 0 0 0 -0.66 0 0
0 0 0 0 0 0 0 0
0.2 0 0 0 0 0 0 0
-0.54 -0.37 0 0 0 -1.39 0 0
-0.26 0.95 -0.34 0 0 0 0 1.07
0 0 0 0 0.54 0 0.29 0
1.39 0 0 0 -0.34 0 0 0
0.25 0 0 0 0.56 0.77 0 0
0.83 0 0 0 0 0 0 0
0 0 0 0 0 0 0 0
0 0 0 0 0 0 0.78 0
0 0 0 0 0 -0.55 0 0
0 0 0 0 -0.31 0 -0.3 0
0 0 0 -0.37 0 0 0 0
0.92 -1.3 0 -0.47 0 0 0 -0.39
0 0 0 -0.75 1 0 0 -0.56
0 0 0.82 0 1.23 0 1.2 -1.33
0 0.86 0.88 0 0 0 0 0
0 0 -0.66 0 0 0.24 0 0.63
0 0 0 0 0 0 0 0
-1.1 0 0 -1.32 0 0 0 0
0.38 0 0 0 0 0 0 0
1.21 0 -0.53 0 0.48 0.94 0 -0.86
0 0.55 0 0 0 0 0 0
-0.32 -0.99 0.7 -0.81 -0.41 0.33 0 0
0.35 0 1.12 0.46 -0.23 0 0 0.96
0 0 0 0 -0.27 0 -0.75 0
0 0 0 0 0 0 0 0
-0.87 -0.59 0 0 0 0 0 0
0 0 1.12 0 0 0 0 0
0 0 0.53 0 0 0.59 0 0
0 0 -1.1 -1.38 0 -1.28 1.03 0
0 0 0.37 0 0.27 0 0 0
0 0 0 -0.78 -0.34 0 0 -0.65
0 0 0.68 0 -0.71 0 0 0
0 0 0 0 0 0 0 0
0 1.24 0.81 0 0 0 -1.13 0
0 0 0 0 0 1.45 0.58 1.25
0 0 0 0 0 0 0 0
-0.21 0 -0.31 0 0 -0.51 0 0
0 -0.52 -0.32 0 0 0 0 0
0 0.49 0 0 -0.24 0 0 -0.95
1.29 0 0 0 0.24 0 0 0
0 0 0 0.28 0 0 1.48 0.28
0 0 0.83 0 0.36 0 0 -0.79
-0.96 -0.94 0 0 0 0 0 -0.98
0 0 0 0 0 0 0 0
0 0 -0.27 0 0 0 0 0
0 0 0 0 0 0 0 -0.67
0 0 -0.44 0 0 -1.2 0 -0.55
0 0 0 0 0 0 0 0
0 0 0 0 0.21 -0.5 0 -0.44
0 0 0 0 0 0 0 0
0 0 0 1.28 0.97 0 0 0.81
0 0 0 0 0 0.76 0 -1.1
0 0 -0.28 0.29 1.47 0.43 0 0.87
0 0 0 0 0 0 0 0
0 0 0 0.29 0 0 0 0
0 0 0 0 0 0 0 -0.95
0 0 0 0 -0.21 0 -0.41 0
0 0 0 0.79 0 0 -0.74 0
0 0 0.3 0 0 -0.73 0 0
0 0 0 0 0 0 -0.73 0
0 0 0 0 0 -1.26 0 0
0 0.48 0.29 -1.41 0 0 -0.99 0
0 0 0 0 0 0.86 0 0
0 0 0 0.51 0 0.22 0.35 0
0 0 0 0 0 0 -0.27 0
-0.36 0 0 0 -0.37 0 0 0
0 0 0 0 0 0 -0.79 0
0 0 0.44 0 0 0 0 0
1.48 -0.59 0 0 0 0 0 -0.85
0.67 0 0 0 0 0 -0.6 0
0 0 0 1.13 0 0.21 0 -0.65
0 0 0 0.24 0 0 0 0
0 0 -0.5 0 0 0 0 0.67
0 0 -0.65 0.93 0 0 1.03 0
0 0 0 0 -0.34 0 0.72 0
0 -1.26 0 0 0.23 -0.32 0 0
-0.37 -0.79 -0.78 0 0 0.78 1.31 0.21
0 0 0 -0.72 0 0 0 0
0.26 0 0 0 0 0 0 0
0 0 0.6 0 0 -0.43 -0.41 0
0 0 0 -0.24 0 0 0 0
0 0 0 0 0 -0.67 0 0
0 0 0 0 0 0 0 0
0 1.26 0.46 0 0 0 0.87 0
0 0 0 0 0 -0.92 0 0
0 -0.6 -0.2 -0.71 0 0 0 0
0 0 -1.31 0 0 0 0 0
0 0 0 0 0.46 0 0 1.45
0.99 0 0.4 0 1 0 -0.74 0
0 0 0 0 0 0.24 0 0
0 0 0 0.87 0 0 0.73 0
0 0 0.75 0 0 -0.27 -0.3 -0.31
0.26 0 0 0 0 0 0 0.28
0 -1.1 0 0 -0.38 0 0 -0.82
0 0 0 0 0 -0.34 0 0
0 0 0 0 0 0 -1.2 0
0 0 0 0 0 0 0.47 0
0.35 0 0 0.96 0.93 0.97 0 0
0 0 0 0 0 0 0 0.43
-0.47 0.49 0 0 0 0 0 0
0 0 0 0 0 0 0.57 0
-0.35 0 0 0 0 -0.89 0 0
0 0 0 0 0 0 -0.28 -0.55
0 0 -1.07 -0.98 0.96 0 0 0
0 0 0 0 0.75 0 -1.16 0
0 0.69 0 0 0 0 0 0
0 0 0 0 0 0 0 0.51
0 0 0.4 0 0 0 0 0
0 0 0 0 -0.64 0 0.57 0
1.22 0 0 0.22 -0.5 0 0 0
0 -0.76 0 0 0 -0.85 0 0
0 0 0 0 0 -1.35 1.49 0
0 1.24 0 0 0 0 0 -1.05
0 -1.03 -0.31 0 -0.27 0 0 0
0 0 0 0 0 0 1.28 0.64
0 0 0 0 0 0 0 0
0.97 0 0 0.25 0 0 -1.01 0
0 -1.11 -0.51 0 0 0 1.11 0.39
0 0 -0.96 0 0 0 0 0.73
-0.39 0 1.07 0 0 0 0 -1.34
0 0 0 -1.15 0 0 0 -1.32
0 0 0 0 0 0 0 0.66
0 0 0 -1.09 0 0 -0.34 -1.31
0 0 0 0 0 0 0.46 0
0 0 0.62 0.4 0 0 0.71 0
-0.35 0 -0.47 0 0 0 0 0.74
0 0 -1.15 0 0 0 0.45 0
0 0 0 0 0 -0.93 0 0
0 0 0 0 0 0 0 0
0 1.47 -0.66 0 0 0 0 1.23
0 0 0 0 0 0.84 0 0
0 0 0 1.24 0.44 0 -0.77 0
0.87 -0.88 0 -1.47 0 0.94 0 0
0 0 1.19 0 1.43 0 0 0
-0.27 0.31 -1.37 0 0 -0.62 -0.85 0
0 0 0.37 -0.25 -0.69 0 0 0.36
0.62 0 0 0 0 0 0 0
0 0.62 0 0 0 -0.64 0 0
0 0 0 1.16 0.24 0 0 0.34
0 0 0 0 0 0.74 0 0
0.89 0 0 0 0 0 0 0
0 0 1.31 0.31 0 0 0 0
0 -0.53 0 0 0 0 0 0
0 -1.21 0 0 1.36 0 0 0
0 0 0 0 0 0.86 -0.28 0.99
0 0 0 0 -0.74 0 0 0
0 1.21 0 0.37 0 1.04 0 0
0 0 0 0 0 -0.93 0 0
0.88 0 0 0 0 -1.23 0 0
0 0 0.41 0 -1.34 0 0 0
0 -0.74 0 1.08 0 0 0 1.32
0 0 0 0 0 0 0 0
0 0 0 0 -0.46 0 0 0
0 0 0.42 0 0 0 0 0
0 0 0 0 0 0 0 0.29
0 0 0 -0.34 0 0 0 0
0 0 0.59 0 0 0.82 0 0
1.05 -0.59 -1.23 0 0 0 0 0
0 0 0 0 0 0 1.02 0
0 0 0 0 0 0.36 0 0
0 0 0 0 0.75 0 -1.33 0
0 0 0 0 0 0 0 0
0.42 0.51 0 0 0 0 0 0
0 -0.57 0 -0.81 0 0 0 0
0 0 1.26 0.53 0 0 0.55 0
-0.37 0 0 0.74 0 1.24 -0.24 0
0.8 0 0 0 0 0 0 0
0 0 0.31 0 -1.44 0.94 -0.46 0
0 0 -0.4 0 1.15 -1.21 0 0
0 0 0 0 -0.25 0 0 -0.25
0 0.21 0 0 0 0 0 0
0 0 0 -1.33 -0.29 0 0 -0.33
-0.96 0 0 0 1.02 0 0 -0.56
0 0 0 0 0 0 0 0
-0.99 -1.22 0 0 0 -0.68 0 0
0 0 0 0.37 0 0 0 0
0 0 0.65 0 0 0 0 0
0 0 0 0 0 -0.99 0 0
0 0 -0.79 0 0.28 0 0.55 0
0 -1.09 0 0 0 0 0 0
1.1 0.89 0 0 0 0 0 0
0 0 0.68 0 0 0 0 0.74
0 0 0 0 1.37 0 1.44 -1.35
0 0 0 0.24 0.96 0 0.86 0
0 -0.65 -1.03 0 1.42 0 0 0
0 0 0.33 0 -0.79 0 0 0
0.95 -0.83 0.75 0 0 0 -0.47 -0.8
0 0 0 0 0 0 0 0
0 -0.66 0 0 0 0 0 0
-0.69 0 1.19 0 0 0 0 0
0 0.7 0 0 -0.91 0 0 -0.51
0 0.9 0 0 0 0 0 0
0 0 0 0.44 -0.48 0 -1.03 -0.45
0 0 0 -0.39 0 0 0 -1.37
0 0 -1.47 0 0 0.48 0 0
0.35 0 0 0 0 0 0 0.98
0 -0.48 0 0 0 0 0 0
0 0 0 0 0 0 0 0
0 0 0 0 0 0 1.46 0
0 0 0 0 0.4 0 0 0
-0.87 -1.05 -0.72 0 0 0 -0.56 0
0 0 0 0 0 -0.33 0 0
0 0 0.78 0 0 0.98 0 0
0 0 0 0 0 0 -0.93 0
0 -1.18 0 0 0 0 0 0
0 0 0 0 0 0.38 0 0
0 -0.54 -0.89 0 0 -0.81 0 0.9
0 0 0 0 0 0 0 0
0 0 0 0 0 -0.51 0 0
0.2 0 0 0 0 0 0 0
0 0 0 0 0 0 0 0
-1.01 0 0 0.37 0 0.71 0 0
0 -0.59 -0.89 0 0 0 0 0
0 0 0.28 -0.84 0 0 0 0
-1.15 0 -1.48 0 0 0 1.35 0
0 0 0 -0.97 0 0 0 -0.24
0 0 0 0 -0.22 0 -0.34 0
0 0 0 0 0 0 0 0
0 0 0 0 0 0 0.77 0
0 0.47 -1.15 1.27 0.26 0 0 1.12
0 0 0 -0.31 1.31 0.49 0 0.21
0 0 -1.04 0 0.68 -1.17 0 0.51
0 0 0 0 0 0 -0.42 0.37
0 0.49 -1.01 0 0 0 0 0.47
0.21 0 0 0 -0.33 0.5 0 0
0 0 0 0 0 0 0 1.25
0 -1.31 0 1.18 0 0 0 0
0 0 0 -0.23 0 0 0 0
0 0 -1.02 0 0 0 0.48 0
0 0 -0.38 -0.34 0 0 0 0
0 0 0 0 0 0 -0.68 -0.21
0 -0.84 0 0 0 0 0 0
0 0 0 -0.6 0 0 0 0
0 0 0 0 0 0 0 0
0.54 0 -1.28 0 0 0 0 0.58
0 0 0 -1.19 0 0 0 0
0.36 0.56 0 -1.21 0 0 0 0
0.34 0 0 0 -0.24 0 0 0
0 0.55 0.65 0 0 0 -1.37 0.47
0 0 0 0 -0.27 0 0.36 0
0 0 0 -0.23 0 0 0 0
0 0 0.44 0.69 0.91 0 0 0
0 -0.53 0 -1.14 0 0.5 0 1.42
0 0 0 0 -0.75 -0.94 0 0
0 0 -1 1.1 0 0 0 0
-0.66 0 0 0 -0.3 0 0 0
0 0 0 0 0 0 0 0
1.18 0 0 -0.5 0 0 0 0
0 0 0 0 -1.32 0 0 0
0 0 -0.27 0 0.2 0 0 0.74
0 0 0 0 0 0 0 0
0 0 0 0 0 0 -0.83 1.29
0 0 -0.45 -1.03 0 0 0 0
0 0 -1.22 0 0 0.27 0 0
-1.08 0 0 0 0 0 0 -1.34
0 0 0 0 0 0 0.27 1.16
0 0 0 0 -0.97 0 0 0
0 -1.32 0 0 0 0 0 0
0 -1.46 0 -0.48 0.93 0 0 1.32
-0.26 0 0.78 -1.16 0 0 0 0
0 0 0 0 0 0 0 0
-0.56 0.91 1.49 0.97 0 0 -1.11 0
0 0.52 -0.43 -1.02 0 0 0 0
-0.57 1.49 0.85 0.34 0 0 0 0
0 -1.01 0 0 0 0 0 0
0 0 -0.84 0 0 0 0 0
0 0 0 0 0 0 0 0
0 0 0 -1.4 0 0 0 0
-0.6 0 0 0 0 0.25 0 0
0 -1.43 0 0 -0.86 1.23 0 0
0 -0.79 0 0 -0.7 0 0 0
0 0 0.42 0 0 0 0.7 0
0 0 0 0 0.59 0 0 0
0 0 -1.21 0 0 0 0 -0.62
0 0 -0.43 0 0 0 0 0
0 0 -0.32 -0.57 0 -0.61 -0.49 0
0.28 0 -0.49 0 0 1.42 1.34 0
0 0 0 0 0 0 0 0
-0.87 0 0 1.16 0 0 0 0
-0.52 0.47 0 -0.31 0 0 -0.34 0
0 0 0 0 0 -0.44 0 0
0 0 0 -1.44 -0.42 0 0 0
0 0 0 0 0 0 1.06 0
-0.96 -1.1 0 -0.69 -0.7 0 0 0
0 0.84 0 0 -0.38 -0.87 -0.27 0
0 -1.27 1.22 0 -1.37 0 0.99 0
1.22 0.72 0 -0.56 0 0 0 0
0 0 0 -0.76 0.26 0 0 0
1.25 0 0 0 0 -0.33 -1.24 0.71
-0.3 -1.26 0 0 0 1.29 0.74 0
0 0 0 0 0 0.77 0 0
0.77 0 0 0 0 0 0 0
1.26 0.65 0.34 0 0 0 0 0
0 0 0 0 0 0 0 0
-1.37 0 0 1.04 0 0 0 0
0 0.46 0 -0.23 0.94 0 0 0
0 0 0 0 -1.32 0 0 0
0 0 0.57 0 0 0 0 0
0 1.39 0 0 1.17 0 0 0
0 0 0 0 0.51 0 0 0
0 -0.35 0 0 0 0 0 0
-1.08 0 -1.49 0 0 1.25 0 0
0 0 0.7 0 -0.38 0 0 0
0 0 0 0 -0.33 0 0 0
0.23 -1.3 -0.48 0 0 0 0 -0.27
0 1.13 -0.69 0 0 0 0 0
0 0 0 0 0 0 0.85 0
0 0 0 -0.99 0 0.32 0 -0.24
0 1.17 -0.41 0 0 0 0 0
0 0.28 0 -0.45 0 0 0 0
0 0 0 -0.58 0.59 0 0 -0.33
0 0 0 0 0 -0.29 1.48 0
0.76 0 -0.89 0 0 0 0.43 0
0 0 0 0 -0.42 0 0 0
0 0 -0.93 0 0.38 0 0 0
0 0 0 0 0 -0.23 0.4 0
-0.48 0.81 0 0 0 0 0 0
0.76 0 0 0 0 0.9 0 -1.33
0 0 0 0 0.97 0 0 0
0 0 0 0 0 0 0 0
0 0 -0.32 0 0 0 0 0
0 0.66 0 0 0 0 0 0
0 0 0 0 -1.32 0 0 0
0 0 0 0 0.98 0 0.5 0
0 0 0 0 0 0 0 0
0 0 0 -0.48 0 0 0 0
0 0 0 0 0 0.43 -1.47 0
0 1.2 0 0 0 0 0 0
0 0 0 0 0 0 0 0
0 0 -1.03 0 0 0 0 0
-1.29 0 0 -1.4 1.35 0 0 0
-0.42 0 0 0 0 0 0 0
0 0 0.64 0 0 0 0 0
0 0 0 0 -0.37 0 0 0
-0.26 0 1.16 0.21 0 1.24 0 0
0 0 0.7 0 0 0 0 0
0 0 -1.47 -0.78 0.98 0 0 0
0 -1.16 0 -1.16 0 -1.23 0 0
0 0 0 0 0 0 -0.37 1.47
0.89 0 0 0 0 0 0 0
0.28 0 1.06 0 0 0.35 0 0
0 0 0 0 0.31 0 1.12 0
0 0 0 -0.52 0 0.74 0 0
0.51 0 0.69 0 0 0 0 0
-0.23 0 0 0 0 0 0 0
0 -0.53 0 0 0 0 0 0
0 0 0 1.19 0 0 0 0
0.59 0 0 0 0 0 0 0
0 -1.42 0 0 0 0 0 0
0 0 -0.41 -0.42 0 -0.69 -1.05 0
0 -0.85 -1.22 0 0 0 0 -0.29
0 0 0.54 1.43 0 -1.44 0 0
0 0 -0.49 0.48 0 0 0 0
0 0 -1.13 0 0 0 0 -0.63
0 0 0 0 0 0 0 -1.39
0 0 0 0 0 0.52 0 0
0 0 0 -0.38 0 0.23 -1.03 0
0 -1.11 0 1.05 0 0 0 -0.21
0 0 -0.74 0 -0.37 0 0 0
0 0 0 0 0 0 0 0
0 0 0 0.62 0 0 0 0.24
0 0 0 0 0 0 0 0
0 -0.57 0 0 0 0 0 -1.41
0 0 0 0.54 0 0 0 0
0.32 0 -0.29 0 0 0 0.94 0
-0.57 0 0 0 0 0 0 0
-0.62 0 0 -0.51 0 0 -0.46 1.15
0 0 -0.98 0 0 0 0 0
0 0 0 0 0 0 -1.05 0
0 0 0 0 0 0 0.69 0
0 0 0 0 0 0 0 0
0 0 -0.85 0 0 0.4 0 0
0 0.71 0 0.72 -1.29 0 0 0
0 0 1.09 0 -0.41 0 0 0
0 0 0.76 1.38 0 0 0 0
0.46 0 0 -0.54 0 0 0 0.4
1.21 0 1.01 0 0 0 0 0
0 0 -1.44 0 0 0 0 0
0 0 0 0 -0.52 0.5 0 0
1.08 0 1.17 -0.32 0 0 0.48 0
0 0 0 0 0 0 0 0
0 0 0 0 0 -0.85 1.43 -1.04
0 0 0 0 0 1.21 0 0
0 0 0 0 0 0 0 -1.41
0 0 0 0.78 0 -1.23 0 0.56
0 0 -0.51 0 0 1.48 0 0
-1.03 0 0 0.27 0 0 1.32 -0.82
0 0 0 -0.32 0 0 0 0.4
0 0 0 -0.33 0 0 0 0
0 0.88 0 0 0.63 0 -0.61 0
0.37 0.38 0 0 1.25 0 0.77 0
0 -1.03 0 0 0 0.57 0 0
0 0 0.62 0 -1.03 0 0 0
0 0 0.22 0 0 0 0 0
0 0 -1.49 0 0 0 0.76 0
0 0.89 0 0 -1.4 -0.37 -0.41 0
0 0 0 -1.22 0 0 0 0
0.7 0 0 0 0 0 0 0.31
0 -0.96 -0.66 0 0 0.28 0 -0.57
-1.13 0 0 0 0 0.42 -0.62 0
0 0.61 0 0.96 0.65 -0.35 -0.73 0
0 0 -0.52 0 0 0.48 0 0
0 0 0 -0.21 0 0 0 0
0 1.22 0 0 -0.42 0 0 0
0.68 0.59 0 0 0 0 0 0
0 0 0 0 0 0 0 0
0 0 0 0 0 -1.3 0 1.47
0 0 -0.5 0 0 0 0 0
0 0 0 0 0 0 0 0
0 0 -0.63 0 -0.3 0 0 0
0 -0.22 0 0 0.59 0 0 0
0 0 0 -0.77 0 1.29 0 0.39
0 0 0 0 0.82 0 0.87 0
0 0 1.45 -0.93 0 1.47 0.48 0
0 0 0 0 0 0 0 0
0 0 0.92 0 -0.46 0 0 0
0 1.36 0 -0.48 0 0 0 0
0 0 0 0 0 0 -0.61 1.11
0 -1.25 0 0 0 0 -0.6 0
0 0 0 -0.9 0 0.48 0 0
0 0 0 0 0 -0.34 0 0
0 0.32 0 0.78 0 0 0 0
-0.71 0 0 0 0 0 0 0
0 0 0.89 0 -1.25 0 0 -0.91
0 0 0 0 0 0 0 0
0 0 0 0 0 0 0 0
0 0 0 -0.94 -0.38 0 1.34 0
0.28 0 0 0 0 0 0 0
0 0 0 0 -0.72 -0.81 0 -0.58
0 0 0 -0.93 0 0 0 0.6
0 0 -0.29 0 1.11 0 0 1.36
0.9 -1 -0.53 0 -0.39 0.62 0 0
0 0 0 0 0 0 0 0
0 0 0 0 0 -0.92 0 0
0 0 -0.68 0 0 -0.26 0.29 0
0 0.45 0 0 0 0 0 0
0 0 0 0 0 0.36 0 0
0 0 0 0 0 0 0 0
0 0.84 0 0 0 0 0 0
0 0 0.73 -1.34 0 0 0 0
0 -0.56 0 0.87 -0.38 -0.79 0 0
0.78 0 0 0 0 0 0 0
0 0 0 0 0 0 0 0
-0.65 -0.9 0 -1.22 0 1.18 0 0
0 0.32 0 0 0 0 0 0
0 -1.28 -0.75 0.53 0.49 0 0 0
1.41 0 -0.75 0 0 -1.37 0.83 0
0 0 0 0 0 0 0 0.51
0 0 -0.58 0 0 0 0 -0.62
0 0 0 -0.62 0 0 0 0
0 -0.86 0 1.38 1.14 0 0 -0.87
0 0 0.94 0 0 0 0 0
0.26 0 0 -1.34 0 0.5 0 0
0 0.82 0 0 0 0 1.35 0
0 0 0 0 0 0.7 0 0
0 0 -0.71 -1.43 0 0 0 0
0 0 0 0.2 0 0 0 0
-0.58 0 0 0 0 0 0 0
0 0 0 0 0 0 0 0
0 0 0 0 0 0 0 0.47
0.41 0.47 -0.59 0 0 0 0 0.36
0 0 0 0 0 0 0 0
-0.63 -0.8 0 0 0.95 0 0 1.05
0 0 0 0 0 0 0 -0.38
-1.37 0 0.5 -0.26 -0.45 0 1.08 0
0 0 0.31 0 0.75 0 0 0
0 0 0 0 -0.33 0 0 0
0 0 0 0 0 1.02 0 -1.35
0.44 0 -0.46 0 0.27 0 0 0
0 0 0 0 0 0.47 1.28 0
0 0 0 0.93 0.51 0 0 0
0 0 0 0 1.29 0 0 0
0 -0.3 0 0 -0.74 0.43 0 0
0 0 0 0 0.98 0 0 0
0 0 0 0 -1.12 0 0 0
0 0 0 0 0 0 0 0
0 0 0 0 0 -1.34 0 0
0 0 0 0 0 0 0 -0.25
-0.93 0 0 -0.31 0 0 0 0
0 0 0 0 0.94 1.21 0.68 0
0 0 1.17 0 0.31 0 0 0
0 1.33 -0.91 0 0 -0.95 -0.39 0
0.58 0 0 0 0.25 0 0 0
0 -0.6 0.59 0 0 0 0 0
0 0 0 0 0 0 0 -0.37
0 0 0 0 0 0.27 0 0
-1.15 0 0 0 0 0.3 -1.25 0
0 0 0 -0.7 0 0 0 0
0 0 0 0 1.01 0 0 0
0 0 0 0.64 0 0 0 -0.69
0 0 0.95 0 0 0 0 0
0 0.38 0 0 0 -1.38 0 0
1.3 0 0 0 1.39 0 0 0
0 0 0 0 -0.97 0.38 0 0
0 0 0 -0.62 0 0 0 0
-0.8 0 -0.33 0 0 0 0 0
0 0 0 0 0 0 -1.18 0
0 0 0.35 -0.23 0.54 0 0 0
-0.52 0 0 0 0 0 0.73 0
-1.12 1.02 -1.15 0 0 0 0 0
0 -0.89 0 0 0 0 0 0
0 1.28 0 0 0.91 0.4 0 1
0 0 0 0 0 0 1.21 -0.45
0 0 0 0 -1.22 0 1.42 0
0 0 0 0 -0.95 0 0 0
0 0 0 0 0 0 0 0
0 -0.77 0 0 0 0.59 0 0.81
0 0 0 0 0 0 0 0
0.36 0 -0.97 0.55 0 0 -0.53 0
0 0 0.92 0 0 0 -0.52 0
0 0 0 0 0.32 0 0 0
0 0 -1.1 0 0 0 0 1.14
0 0 0.98 0 0 -0.47 0 0
0 0 0 -0.67 0 0 0 0
0 0 0 1.15 0 0 0 0
0 0 0 0 0 0 0 0
0 0 -1.22 0 -0.46 0 0 1.16
0 0 0 0 0 0 1.35 0
0 0 -0.43 0 -0.45 0 0 0
0 0 0 0 0.47 1.2 0 0
0 1.05 0 0 0 0 0 0
0 0.63 0 0 0 -0.47 0 0
-1.38 0 0 0 0 0 0 0
0 -0.3 0 -1.12 0 0 0 0
0 0 0 -0.76 1.42 0 0.92 0
0.68 -0.33 0 0 0 0 0.46 0
0 0 0 0 -1.13 0 0 0
0 -0.28 0 0.81 -0.52 -1.01 0 -0.44
0 0 0 0 -1.21 0 0 0
0 0 0 0 0 0 0 0.3
0 -0.9 0.4 0 0 -0.28 0.99 -1.32
0 -0.39 0 0 -0.38 0 0 0
0 0 0 0 -0.33 -1.08 0 0
0 0 0 0 0 0 0 0
0 0 0 0 0.68 -1.15 0 0
0 -0.43 0 0 0 0 0 -1.46
0 0 0 0.41 -0.65 0 0 0.57
0 0 0 0 0 0 0 0
0 0 0 0 0 0.4 0 0
-0.37 0.32 0.57 0 0 0 -0.4 0
0 0 0.67 0 0 0 0 -0.47
0 0 0 0 0 0 1.4 0
-0.29 0 0 0 0 0 0 0
0.79 0 0 0 -0.71 0 0 0
0 0 -1.36 0 1.41 0 0.66 0
0 0 -0.73 0 0 0 -0.51 1.1
-0.91 0 0.56 0 0 0 -0.43 0
0 0 0 0 0 0 0 0
1.36 0 0 0 0 1.2 -1.08 0
0 0 0 0 0 0 -1.34 0
0 0 0 0 0 0 0 0
-0.78 0.25 0 0 0 -0.92 -0.5 0
0 0 0 0.21 0 0 0 0
-1.09 0 -0.57 1.31 -0.95 0 0 0
0 -1.02 -0.2 0 0 0 0 0
0 0 0 0 0 0 0.99 0
-1.26 0 0 0 0.72 0.62 0 0
0 1.35 0 0 -1.16 0 0.6 0
0 0 0 0 0 0 1.36 0
0 1.07 0 0 0 0 0 0
0 0 0 0 -0.79 0 -0.43 0
0 0 0.52 0.29 0 0 0.96 0
0 0 0 0 0 0 0 0
-0.34 0 0 0 0 1.13 -0.24 -0.84
-0.6 -0.29 0 0 0 0 0 0
0 0 0 -0.57 0 0 1.31 0
0 0 0 0 -0.56 0 0 0
0 0 0 0 0 -0.26 0 0.75
0 1.46 0 0 0.27 -1.31 0 0
0 0 0 0 0.48 0 0.21 0
0 0 0 0 0 -0.83 0 0
-0.73 1.47 0 0 1.43 0 0 0
-0.66 0 0.72 0 0 0 0 0
0 0 0 0 0 -0.64 0 0
0 0 0 -0.84 0 -0.28 0 0
0 0 0 0 0 0 0 0.36
0 -1.1 -0.8 0 0 0 0 0.22
0 -0.25 0 0 -0.55 0 0 0
0 0.59 0 -1.27 -1.3 0 0.28 0
0 0 0 0 0 0 0 0
0 0 0 -1.16 0 0 -0.49 -0.68
0 0 1.21 0 0 0 0.83 0
0.91 0.35 0 0 0 0 0 0
0 0 0 0 -1.36 0 0 0
-0.78 0 0 0 0 0 0.38 0
0 0 0 0 0 0 -0.77 0.88
0 0 0 -1.15 0 0 0 0
0 0 0 0 0 0 0 -1.34
0 0 -0.72 -0.31 0 0 0 -1.17
-0.23 0 0 1.39 -0.6 0 -0.59 -0.72
0 0 0 0 0.8 0 0 0
0.21 0 0 0 1.25 0 0 0
0 0 0 0 -1.47 0 -0.31 0
0 0 0 0 0.65 0 0.58 0
0 -1.46 0 -0.48 0 -0.76 0.82 0
0 0 -0.59 0 0 -0.84 0 0
0 1.19 1.4 0 0 -1.29 0 0
0.33 0 0 0 0 0 0 0
-0.39 0 0.4 0 0 0 0 0
0 0 0.67 0 0 0 0.24 0
0 0 0 0 0 0 -0.21 0
0 0 1.14 0 0 0 0 0
0 0 0.96 0 0 0 0 0
0 0 0 0 -1.2 0 0 0
1.2 0 0 -0.24 0 0 0 0
1.47 0.59 -0.62 0 0 0 0 0
0 0 -0.6 0 0 0 0 0
1.25 0 0 0.88 0 0 0 1.12
0 0 0 0 0 0 0 0
0 -1.47 0 0 0 0 0 0
0 0.68 -0.52 0 1.2 0 0 0
0 0 0 -0.4 -0.37 0 0.3 0
-0.63 0 0 0 0 0 0 0
1.24 1.12 0 0 0.98 0 0 0
0.41 1.09 0 -0.38 0 -0.52 0 0
0 0 0 0 -0.98 0 0 0
0 0 0 -0.6 -0.98 0 -1.19 0
0 0 0 0 0 0 0 0
0.69 1.39 1.47 0 0 0 0 0
-1.02 -1.41 0 0 1.43 0 0 -0.24
-0.23 -0.8 1.33 0 1.04 0 0 0
0.84 0 0.4 0 0 0 -0.26 0
0 0 0 -0.71 0 0.29 0 0
0 0.99 0 0 0 0 0 0
0.34 0 -1.18 0 1.35 0 0 0
0 0 0 0 0 0 0 0
0 0 0 1.22 0 -1.04 0 0
0 0.41 0.52 0 0 1.26 0 0.55
1.24 0 0 0 0 0 0 0
0 0 0 0 0 0 0 -1.27
0 0 0 1.01 0 1.3 0 0
0 0 0 0 0 0.88 0 0
1.18 0 0 -0.28 0 1.11 0 0.53
0 0 0 0.37 0 0 -0.58 0
0 0 0.85 0 0.35 0 0 0
0 0.43 1.43 -0.66 0 0.29 0 0
0 0 1.33 0 0 0 0 0
