#causal_discovery_varlingam.py data/csi300_return_80.csv 1 csi300 varlingam
# GMT Sun Sep 29 12:43:45 2024
# 
0 0 3 8 18 24 28 35 50 77 78 80 95
1 0 11 17 18 23 38 39 55 78 84 85 90 95
2 12 35 37 42 53 56 64 65 73 80 84
3 4 11 53 64
4 46 53 65 73
5 6 32 47 48 51 56 59 67 91
6 4 7
7 4 7 20 65 71
8 9 19 35 41 42 52 58 65
9 6 12 14 52 58 65 84 95
10 2 3 7 63 64
11 4 10 17 27 30 39 41 46 63 65 70 73 74 75 89 90 93 94
12 3 4 21 23 26 46 88 90
13 2 6 10 11 14 15 21 30 35 42 46 54 55 61 62 65 66 69 70 82 88 89 90 92 95
14 7 12 13 44 65 95
15 0 6 10 14 20 22 30 42 55 70 73 75 78 80 88 89 95
16 4 13 31 33 42 45 46 51 52 54 60 63 64 65 69 75 77 84 87 92 94
17 8 9 11 18 19 20 25 27 50 58 63 65 69 76 78 90
18 10 14 37 64 76
19 63
20 0 4 44 53 87 91
21 8 9 15 17 18 19 22 27 30 35 41 50 52 53 54 55 57 61 62 64 65 66 68 69 70 74 85 89 90 92
22 7 14 42 50 55 57 59 63 70 76 90 93
23 0 6 20 28 35 58 65 74 77 78 90
24 42 65 67 74 77
25 0 6 18 24 37 63 90 95
26 7
27 19 30 31 40 42 52 58 62 63 64 66 67 71 72 75 78 79 81 86 88 92 94 95
28 24 42 73 74 76 77 78 80 94 95
29 0 8 10 23 24 28 58 60 75 77 78 86 95 97
30 7 11 25 26 31 35 40 42 46 64 73 78 82 94 95
31 17 20 26 27 28 46 53 73 78 84 90
32 16 26 30 31 33 44 47 48 51 54 65 66 67 69 72 75 81 84 89 91 94
33 1 4 6 9 12 13 15 17 21 23 27 31 35 37 39 62 64 66 67 69 70 71 73 75 76 77 79 82 84 89 92 93 94 96
34 0 11 40 65 67 73 79
35 11 12 25 33 43 58 64 67 70 75 76 78 79 92 94
36 0 2 13 36 37 54 56 60 73 90 97
37 4 6 7 46 56 79 84
38 0 23 24 28 29 63 71 72 73 74 75 77 78 80 83 85 86 95 97
39 60 73 79
40 2 3 12 31 35 42 46 84
41 3 53 63 73
42 2 7 14 37 39 42 63 64 67 70 76 79 90
43 1 7 10 11 15 22 30 38 42 58 60 63 65 72 73 74 75 80 88
44 26 53 55
45 6 17 21 45 57 70
46 58 65 90
47 32 48 56 57 91 94
48 2 4 7 13 16 21 25 35 37 41 42 45 46 48 50 51 61 62 66 67 94
49 14 20 24 25 26 35 87
50 3 8 11 12 25 35 41 42 52 58 65 84 93 95
51 1 13 18 22 24 29 33 34 35 42 43 45 46 54 55 65 66 69 71 73 76 81 84 92 93 94 95
52 13 25 75
53
54 14 20 31 35 37 44 49 57 59 64 84 91 93
55 12 37 39 64 66 80 82
56 16 18 20 22 25 32 48 63 71 79 84 91 94
57 11 44 93
58 2 29 33 75 90
59 3 11 57 74 76 93
60 54 63 70 82
61 2 7 12 14 15 18 22 36 42 43 50 55 61 65 66 67 70 88 92
62 8 9 11 17 18 19 37 39 41 50 52 60 64 65 66 68 69 80 88 89 90 92 95
63 3 6 31 37 53 54 63 64 66
64 18 46 66 76
65 2 3 42 58 60 63 73 76 78
66 10 11 15 17 23 25 34 35 43 50 52 53 58 60 63 65 68 73 74 80 85 86 88 89 92
67 12 25 36 53 58 64 71 72 84
68 9 17 35 46 58 96
69 1 2 3 4 7 23 24 25 27 29 36 37 38 39 42 43 53 60 62 65 66 80 81 85 86 88 89 92 95
70 18 25 44 46 54 87
71 7 64 76
72 12 54 67 71 93
73 25 27 42 65 85
74 11 24 78
75 20 28 30 31 39 49 54 60 63 72 73 79 84 85 87 90 93 95
76 76 82 94 95 97
77 65 93
78 24 34 39 58 64 74 77 85
79 6 7 11 12 31 37 42 58 75 84
80 6 17 22 73 75 76 80 88 90 92 97
81 1 8 20 23 24 28 29 38 43 75 76 78 79 83 86 92 95 96 97
82 0 4 7 18 26 35 40 66 67 73 76 79 80 95
83 7 11 38 42 58 72 78 90 96
84 20 26 44 74
85 16 34 57 65 80 87 92
86 12 20 30 36 39 40 46 55 65 67 72 74 75 76 79 80 82 85 90 95 96 97
87 56
88 3 19 22 25 30 39 41 70 79 82 88 89 90
89 14 22 30 34 37 42 46 50 53 55 60 63 68 70 73 75 80 90
90 0 2 7 11 30 34 40 65 71 76 79 84 88 89 94 95
91 17 22 30 33 36 39 42 61 68 71 76 80 85 87 90 91 92 94 97
92 3 4 6 7 11 15 17 20 22 23 31 34 35 36 38 40 46 49 54 55 59 64 67 68 70 74 75 80 82 84 87 88 89 90
93 4 12 56 73 79 80 84
94 11 13 14 15 17 18 21 23 28 33 35 46 54 58 60 69 70 71 76 80 82 84 88 89 92 94
95 9 20 34 78 80 82 83 90 93 95 96
96 11 26 34 41 42
97 0 11 22 23 28 63 76 78 82 90 95 96
