#causal_discovery_pcmci.py data/csi300_return_80.csv 6 csi300 pcmci
# GMT Sun Sep 29 13:20:45 2024
# 
0 0 2 29 40 51 95
1 1 14 25 57 78
2 2 0 1 32 48 61 63 65 70
3 3 19 29 45 52 95
4 4 22 65
5 5 0 1 11 24 32 39 45 51 52 55 56 59 63 67 70 85 91
6 6 9 12 19 39 43 45 66 83
7 7 22 33 45 50 73
8 8 10 27 32 34 47 48 56 62 70 72 77 78 97
9 9 1 11 20 27 50 54 71 74 87 96
10 10 16 41 46 57
11 11 0 2 8 9 12 13 14 15 17 18 20 21 25 28 30 33 34 38 39 42 43 53 54 57 58 59 60 62 65 66 67 68 70 72 73 74 77 78 79 81 82 84 87 88 89 90 92 94 95
12 12 0 2 3 10 21 23 24 29 37 48 50 53 63 65 69 73
13 13 1 4 7 10 12 18 27 30 37 39 40 46 70 71 73 78 80 85 89 93 94
14 14 29 38 80 96
15 15 6 10 19 41 43 60 64 88
16 16 68 71 81 94
17 17 0 3 6 9 11 19 23 24 25 26 28 29 31 36 40 43 46 50 56 69 74 78 79 80 81 82 86 88 90 92 95
18 18 0 1 4 9 23 24 41 57 58 63 65 77 78 81 83 96 97
19 19 10 13 15 33 35 41 43 46 58
20 20 3 8 17 63 72 91 93
21 21 0 11 17 19 26 27 28 29 31 32 34 38 40 43 49 51 53 58 60 63 65 66 69 70 73 75 76 79 80 81 82 83 85 86 89 90 95 96 97
22 22 1 5 7 11 16 17 34 37 39 49 50 52 56 58 59 62 64 65 70 82 90
23 23 65
24 24 18 42 57 60
25 25 7 12 35 37 41
26 26 2 7 8 21 24 25 42 50 66 85 86
27 27 4 8 9 10 17 19 21 25 42 52 53 54 57 62 68 70 84
28 28 9 22 32 41 54 56 62 63 65
29 29 72
30 30 6 8 9 11 12 14 15 21 23 26 27 33 36 44 46 52 65 67 70 74 78 84 92 94
31 31 9 19 28 30 36 55
32 32 5 9 16 47 56 58 68
33 33 2 18 19 26 27 30 31 39 44 64 71 75 77 79 90 95
34 34 0 29 63
35 35 59 60 87
36 36 4 13 62 73 84
37 37 7 11 14 15 18 35 51 54 55 56 66
38 38 1 4 13 37 44 54 71 79 81 82 95
39 39 3 8 67 88 94
40 40 35 36 80 88
41 41 4 16 46 65
42 42 11 13
43 43 47 60
44 44 0 2 3 11 25 28 29 36 43 52 63 69 72 80 83 95
45 45 4 10 15 16 21 22 32 41 44 49 50 51 52 54 56 59 60 66 68 75 92 93
46 46 41 96
47 47 3 5 15 23 25 32 55 56 67 74 87 91 97
48 48 0 5 28 39 56 71 72 73 77
49 49 13 23
50 50 8 37 89
51 51 22 48
52 52 9 13 14 22 25 26 27 33 39 40 42 46 51 57 61 62 63 64 66 73 80 88 93
53 53 3 70 72
54 54 34
55 55 13 19 21 25 30 35 44 50 54 61 62 66 67 70 87 89 93
56 56 16 20 24 44 47 48 50 51 60 69
57 57 11 29 56 72
58 58 9 18 33 67 76 89
59 59 46 74
60 60 2 5 12 20 26 32 36 37 47 48 51 55 56 92 96
61 61 24 25 39 43 69 71 74 87
62 62 4 19 21 22 37 41 47 55 61 70
63 63 17 37
64 64 1 2 4 7 11 14 15 18 23 24 25 27 28 30 31 33 34 35 36 37 39 40 42 43 44 46 52 54 60 65 68 70 73 77 78 81 82 85 86 87 90 92 93 94 95 97
65 65 2 16 22 67 76 78 81 89
66 66 60 87
67 67 4 5 18 21 25 32 35 47 56 65 76
68 68 10 22 23 24 39 40 46 60 62 64 67 78 83 84 86
69 69 19 44 54
70 70 4 5 57 91
71 71 1 7 64
72 72 5 16 39 50 79
73 73 6 10 13 14 15 21 23 25 27 30 31 35 36 37 39 40 41 43 46 49 50 53 54 59 63 66 69 75 82 85 86 88 92
74 74 6 24 35 52 60 91
75 75 0 6 21 28
76 76 1 5 12 15 20 41 46 49 57 70 87 93
77 77 44 53
78 78 74 80
79 79 13 37 50 90 96
80 80 27 35 38 76 88 90 94
81 81 11 17 25 26 33 40 49 55 56 57 61 64 69 71 74 76 88 90
82 82 7 15 36 46 64 70 92
83 83 37 38 42 65 72 92
84 84 18 37 60 62 91
85 85 41 79
86 86 6 10 11 12 21 30 31 33 35 59 70 75 84
87 87 16 32 38 93
88 88 17 20 21 25 27 30 33 40 49 53 58 66 67 68 80 89
89 89 63 80
90 90 11 28 33 34 43 65 78 79 80 83 93 95
91 91 5 14 32 49 84 92 94
92 92 6 38
93 93 10 41 56 91
94 94 2 7 20 35 60 65 80 91
95 95 9 20 33 35 46 54 62 68 79 92
96 96 23 26 34 59 73 89 93
97 97 31 50 52 61 75 81
