#causal_discovery_pcmci.py data/csi300_return_80.csv 1 csi300 pcmci
# GMT Sun Sep 29 12:44:15 2024
# 
0 0 95
1 1 25
2 2 65
3 3 11 29
4 4 65
5 5 24 50 52 96
6 6
7 7 45
8 8 10 62 70
9 9
10 10
11 11 13 14 15 20 33 84 87 89 92
12 12 21
13 13
14 14
15 15
16 16 68
17 17 78 90
18 18 0 1 23 24 29 38 77 78 81 83 95 96 97
19 19
20 20
21 21
22 22 5 34 59 90
23 23 65
24 24 42
25 25 7 35 37 64
26 26 2 7 8 24 25 42 50 62 65 66 85 86
27 27
28 28
29 29
30 30 94
31 31 58
32 32 47
33 33 67 94
34 34 0
35 35
36 36 4 13 25 39 73
37 37
38 38 1 71
39 39
40 40
41 41
42 42
43 43 54 66
44 44 0 25 28 29 36 43 69 72 73 83 95
45 45 10 52
46 46 41
47 47 5
48 48
49 49 62
50 50
51 51
52 52 13 15 19 22 23 25 26 40 42 44 46 54 57 62 63 64 66 67 73 80 88 90 93 97
53 53
54 54 38
55 55
56 56 51
57 57 11 94
58 58 8 21 31 33 67
59 59 74
60 60
61 61 43 71
62 62 4 19 22 41 50 55 61 70
63 63
64 64 18 46 57
65 65 2 76 78 81
66 66 60
67 67
68 68 96
69 69 39 44 93
70 70
71 71
72 72
73 73 27 92
74 74 24 87
75 75 0 28 78
76 76
77 77 31 35
78 78
79 79
80 80 90
81 81 49 76
82 82
83 83 36
84 84
85 85 57
86 86 30
87 87 16
88 88
89 89 63 80
90 90 11 65 79 94
91 91 12 20 49 84 92
92 92 38 90
93 93
94 94
95 95 96
96 96 2 26 34 59
97 97 90
