#causal_discovery_varlingam.py data/csi300_return_80.csv 4 csi300 varlingam
# GMT Sun Sep 29 12:59:13 2024
# 
0 3 10 18 24 28 35 50 77 95
1 0 11 17 18 23 38 39 55 78 85
2 12 37 41 42 53 64
3 4 53 64
4 46 53 65
5 32 41 47 48 51 56 67 70 91 94
6 4 7 97
7 4 20 65 71
8 9 19 41 52 58 65
9 6 12 14 41 52 58 63 65 87
10 2 3 63
11 3 4 10 17 39 41 46 63 65 70 73 74 75 93 96
12 3 4 21 23 26 88
13 2 6 10 14 15 18 21 35 42 46 55 61 62 66 69 70 88 89 92
14 7 20 44 53 65
15 0 6 10 14 20 22 30 42 55 70 75 87 89
16 4 33 42 45 46 51 54 60 63 65 69 87 92 94
17 8 9 11 18 19 20 58 63 65 78 90
18 10 37 76
19 10
20 0 4 53 87 91
21 2 3 8 9 15 17 18 19 22 30 41 50 52 53 54 55 57 61 62 64 65 66 68 69 70 89
22 7 14 37 42 50 55 57 59 63 70 76
23 0 6 20 28 35 65 74 77 78 90
24 42 65 77
25 6 18 24 37 63 95
26
27 19 30 31 42 52 62 63 64 66 67 71 72 75 79 81 88 92 94 95
28 24 42 73 74 76 77 78 80 95
29 0 23 24 28 58 60 74 77 78 86 95 97
30 3 11 25 31 35 40 42 46 73 78 82 94 95
31 17 20 25 26 28 46 53 84
32 16 33 44 47 48 51 66 69 72 75 76 81 84 89 91 94
33 1 4 6 9 10 12 13 15 17 21 23 25 27 31 34 35 39 62 64 66 67 69 70 71 73 76 82 84 89 92 93 96
34 0 12 20 40 65 67 73
35 12 25 58 67 70 76 94
36 0 2 23 35 36 37 54 70 90 97
37 4 6 7 46
38 0 2 23 24 28 29 34 63 72 73 74 75 77 78 80 83 85 86 95 97
39 4 60
40 2 3 12 31 35 42 46 70
41 3 53 63 64 73
42 2 14 18 37 39 53 63 64 70
43 1 7 10 11 15 22 23 36 38 40 42 58 60 63 65 73 74 75 88
44 26 53 55
45 17 21 45 57 62 68 70
46 65
47 32 48 56 57 91
48 4 16 21 35 37 41 42 45 50 51 61 62 66 67 70 94
49 14 20 24 25 26 44 87
50 2 3 8 11 12 25 35 41 42 52 65 67 93
51 1 13 18 22 24 33 34 35 43 45 54 55 62 65 66 69 76 84 92 93 94 95
52 25
53
54 14 20 31 35 37 44 49 57 59 64 84 91 93
55 12 37 39 64 66
56 16 18 22 32 48 53 63 76 84 91 94
57 11 44 93
58 33 75
59 3 11 57 74 76 93
60 37 53 54 67 70
61 2 3 12 14 15 22 36 42 43 55 62 65 66 67 70 88 92
62 8 9 11 17 18 19 37 39 41 50 52 55 66 68 80 88 89 92
63 3 6 17 31 37 53 54 63 64 66
64 18 46 76
65 3 42 53 60 63 73 76 78
66 10 11 15 17 23 25 34 35 43 50 53 60 63 65 68 73 74 76 80 85 86 88 89 92
67 12 25 36 37 53 64 71 72
68 9 17 35 46 58 96
69 1 2 7 24 25 27 29 36 37 38 39 42 53 60 62 66 80 81 85 86 88 89 92 95
70 2 18 25 44 46 54 57 87
71 64
72 71
73 25 42 65 72
74 24
75 20 21 28 30 31 39 49 53 54 60 63 65 72 73 79 85 87 90 93
76 76 94 97
77 65
78 24 39 58 74 77
79 11 12 30 31 37 42 46 58 84
80 6 17 22 42 73 75 76 80 88 90 97
81 1 8 20 23 24 28 29 38 43 65 75 78 79 82 83 86 92 95 96 97
82 0 4 7 18 26 33 35 40 66 67 73 76 79 80
83 38 58 72 73 90 96
84 20 26 44
85 16 34 57 80 87
86 20 36 39 40 55 65 67 72 75 76 79 80 82 85 90 95 97
87
88 3 22 30 39 41 70 79 82 88 89 90
89 9 14 22 30 34 37 41 42 46 50 55 60 68 70 73 75 80 90
90 0 30 34 40 65 71 76 84 88
91 22 30 33 39 42 61 68 71 76 80 85 87 91 94 97
92 3 4 6 7 11 15 17 20 22 23 31 34 35 36 40 43 49 54 55 59 64 67 68 70 72 74 75 84 87 88 89
93 4 12 84
94 6 13 14 15 17 21 23 33 35 36 46 53 54 55 60 63 69 70 76 80 82 84 88 92 94
95 9 19 34 74 78 79 82 83 90 95 96
96 34 41 42 76
97 0 11 22 23 28 76 78 90 95 96 97
