#causal_discovery_pcmci.py data/csi300_return_80.csv 2 csi300 pcmci
# GMT Sun Sep 29 12:49:07 2024
# 
0 0 95
1 1 57
2 2 0 3 65 70
3 3 11 29 45
4 4 65
5 5 11 24 52 59 67 72 85 96
6 6 42 76 83
7 7 45
8 8 10 32 34 47 56 62 70 72
9 9 1 20 50 64 71 87
10 10
11 11 13 14 15 20 33 42 67 84 87 89 92 94
12 12 65
13 13 7 30
14 14 65 80 96
15 15 19 88
16 16 68 81
17 17 0 3 6 9 10 19 21 23 24 25 26 28 29 31 36 43 46 53 69 74 75 78 79 80 81 82 85 86 88 90 92 95 97
18 18 0 4 23 24 29 38 41 61 77 78 81 83 95 96 97
19 19 15 33 58
20 20 3 18 61 63
21 21 89
22 22 5 7 34 37 57 59 82 90
23 23 65
24 24 42
25 25 7 35 37 50
26 26 2 7 8 11 24 25 42 50 65 66 85 86
27 27 8 42 52 70
28 28
29 29
30 30 6 8 9 11 14 15 19 21 26 33 36 44 46 65 70 84 92 94
31 31 19 58
32 32 47 56
33 33 27 30 31 67 79 94
34 34 0
35 35 87
36 36 13 25 39 73
37 37
38 38 1 4 13 37 54 71 79 82
39 39 3
40 40 11 35 80
41 41
42 42
43 43 54 66
44 44 0 25 28 29 36 43 69 72 83 95
45 45 10 52
46 46 41
47 47 5 23 56 87 91
48 48
49 49
50 50 8 37 89
51 51 34 83 86 90
52 52 9 13 22 23 25 26 27 33 40 54 57 62 63 64 66 73 80 88 93 97
53 53 72
54 54
55 55 66 87
56 56 16 47 51
57 57 11 94
58 58 9 25 33 67
59 59 13 18 74
60 60 12 26 83 96
61 61 43 55 71 87
62 62 4 19 21 22 37 41 50 55 61 70
63 63
64 64 4 11 18 23 25 31 36 40 44 46 52 53 57 60 63 65 66 73 81 82 85 86 87
65 65 2 76 78 81
66 66 53 60
67 67 5 32 56
68 68 6 30 40 46 64 67 86
69 69 39 44 93
70 70
71 71 7
72 72
73 73 27 33 90 92 96
74 74 35 91 96
75 75 0 28
76 76
77 77 31 35
78 78
79 79
80 80 94
81 81 49 76
82 82
83 83 23 36
84 84
85 85 57
86 86
87 87 16
88 88 96
89 89 63 80
90 90 11 33 65 68 73 74 78 79 94
91 91 20 49 84 92
92 92 38 90
93 93 56
94 94
95 95 79
96 96 2 26 34 82
97 97
