#causal_discovery_varlingam.py data/csi300_return_80.csv 5 csi300 varlingam
# GMT Sun Sep 29 13:06:35 2024
# 
0 3 10 18 24 28 35 50 77 80 95
1 0 11 23 38 39 53 55 78 85
2 12 37 41 53 64 80
3 53 64
4 46 53 65
5 32 47 48 51 56 57 59 67 70 91 94
6 7
7 4 65 71
8 9 19 41 52 58
9 3 6 12 14 37 41 52 58 63 87
10 2 3 63 64
11 2 3 4 10 17 30 39 41 46 63 65 70 74 75 89 93 96
12 3 4 21 23 26
13 2 6 10 14 15 18 21 35 42 46 55 61 62 66 69 70 82 88 89 92
14 7 13 44 53 65
15 0 6 10 12 14 20 22 30 42 55 70 75 87 89
16 4 13 33 42 45 46 51 54 60 63 65 69 77 87 92 94
17 8 9 11 18 19 20 58 63 78 90
18 10 52 76
19 10
20 0 4 53 87 91
21 2 8 9 10 15 18 19 22 30 41 50 52 53 55 57 61 62 64 65 66 68 69 70 89
22 5 7 14 37 42 50 55 57 59 63 70 76
23 0 6 20 28 31 35 65 67 74 77 78
24 42 65 77
25 2 6 18 24 37 63
26 25
27 19 21 30 31 40 42 52 62 63 64 66 67 71 72 75 79 81 88 92 94 95
28 24 40 48 73 74 76 77 78 80 95
29 0 18 23 24 28 58 60 74 75 77 78 86 95 97
30 3 11 25 26 31 35 40 42 46 73 82 94
31 20 26 46 53 84
32 16 25 31 33 47 48 51 69 72 75 81 84 89 91 94
33 1 4 6 9 10 12 13 15 21 23 25 27 31 34 35 37 39 62 64 66 67 69 70 71 73 82 84 89 92 93 96
34 0 40 65 67 73
35 12 25 43 58 59 67 70 75 76 80 94
36 0 2 13 23 33 37 54 90 97
37 4 6 7 46
38 0 2 23 24 28 29 34 60 63 69 72 73 74 75 77 78 80 83 85 86 95 97
39 16 26 60
40 2 3 12 31 35 42 46 52 55 70
41 3 52 53 63 64
42 2 6 14 18 37 39 53 64 67 70
43 1 7 10 11 15 22 23 36 38 40 42 60 63 65 74 75
44 26 53 55 67
45 21 45 57 70
46 65
47 32 48 56 57 91
48 13 16 21 25 35 37 41 42 45 48 51 61 66 67 70 94
49 14 20 25 26 87
50 3 8 11 12 25 35 41 42 52 65 93
51 1 13 18 22 33 35 43 45 54 55 62 65 66 69 75 76 84 92 93 94
52 13 25 40
53
54 14 20 21 31 35 37 44 49 57 59 64 84 91 93
55 12 37 39 64 66 82
56 16 22 32 48 53 63 76 84 91 94
57 5 11 44 47 93
58 33 53 75
59 3 11 57 74 93
60 37 53 54 67 70 82
61 2 12 14 15 22 36 40 42 43 55 62 65 66 67 89 92
62 8 9 11 17 18 19 37 39 41 50 55 60 65 66 68 69 80 88 89
63 6 31 37 53 54 63 64
64 76
65 3 18 40 42 53 63 76 78
66 4 10 11 15 17 23 25 34 43 50 53 55 60 63 65 68 73 74 76 80 85 86 88 89 92
67 12 25 36 37 53 64 71 72
68 9 17 35 46 58 96
69 1 2 4 7 11 24 25 27 29 36 37 38 39 42 53 60 62 66 77 80 81 85 86 88 89 92 95 96
70 2 25 44 46 54 57 87
71 64
72 64 67 71
73 25 40 42 72
74 24
75 20 28 30 31 39 49 53 54 60 65 72 73 79 85 87 90 93
76 76 94 97
77 37 65
78 24 39 58 63 64 74 77
79 12 30 31 37 42 46 58 84
80 6 17 22 42 75 76 80 88 90 92 97
81 1 8 20 23 24 28 29 38 43 65 75 78 79 82 83 86 92 95 96 97
82 0 3 4 7 18 26 35 40 66 67 73 76 79 80
83 38 58 72 90 96
84 20 26 44
85 16 34 40 57 72 80 87
86 12 36 55 65 67 72 75 76 79 80 82 85 90 95 96 97
87
88 3 19 22 30 37 39 40 41 70 79 82 88 89 90
89 14 30 34 37 41 42 46 50 53 55 60 68 70 73 75 80 90
90 0 13 30 34 40 65 71 76 79 84 94
91 22 30 33 39 42 68 71 76 80 87 91 94 97
92 3 6 7 11 15 17 20 22 23 31 34 35 36 40 49 53 54 55 59 64 67 68 70 74 75 80 82 83 84 87 89
93 12 79 80 84
94 6 13 14 15 17 21 23 33 35 36 46 53 54 55 60 63 69 74 80 82 84 88 92 94
95 9 34 74 79 80 82 83 90 95 96
96 34 41 42
97 0 11 22 23 28 76 78 90 95 96
