#causal_discovery_pcmci.py data/csi300_return_80.csv 5 csi300 pcmci
# GMT Sun Sep 29 13:10:54 2024
# 
0 0 2 29 40 95
1 1 14 25 57 78
2 2 0 5 48 63 65 70
3 3 19 29 45 52
4 4 58 65
5 5 11 24 39 45 50 52 55 56 59 63 67 70 72 76
6 6 9 12 19 39 43 45 58 62 83 89
7 7 22 41 45 73
8 8 4 10 27 32 34 56 62 67 70 72 77 97
9 9 1 20 87 96
10 10 41 57 59
11 11 0 8 9 13 14 15 17 18 20 21 25 27 28 30 31 33 34 38 39 42 43 53 54 57 58 59 60 62 65 66 67 68 69 72 73 74 77 78 79 80 81 84 87 88 89 90 92 94 95
12 12 0 2 3 10 21 23 24 28 29 32 37 48 50 53 63 65 69 74 78 81 96
13 13 1 4 7 12 30 37 39 46 71 73 80 85 89
14 14 80 96
15 15 6 10 19 41 64 68 88
16 16 8 68 81 94
17 17 0 3 6 9 10 11 19 23 24 25 26 29 31 36 40 43 46 53 56 62 69 74 75 77 78 79 80 81 82 85 86 88 90 92 95 97
18 18 0 1 4 10 23 24 41 61 65 77 78 81 83 95 96 97
19 19 13 15 27 33 35 41 43 46 58 88
20 20 3 8 17 18 61 63 67 71 91 93
21 21 4 11 34 89
22 22 1 5 7 11 16 34 37 39 49 51 56 57 58 59 64 65 70 90
23 23 65
24 24 18 42 57 60 94
25 25 7 37 41
26 26 2 7 8 24 25 42 50 65 66 79 85 86
27 27 8 42 52 62 70
28 28 9 22 25 32 41 50 54 55 56 62 63 68
29 29 72
30 30 6 8 9 11 14 15 19 21 26 33 36 44 46 52 65 67 70 84 92 94
31 31 19 28 30 36 38 58
32 32 5 9 16 47 56
33 33 27 30 31 35 39 67 75 79 90 95
34 34 0 29
35 35 59 60 87 97
36 36 13 39 62 73
37 37 7 11 14 15 18 32 35 51 54 55 56 66
38 38 1 4 13 37 40 44 54 71 79 81 82 84
39 39 3 8 29 67 88
40 40 35 36 80 88
41 41 4 16 46 65 83
42 42 11
43 43 3 47
44 44 0 2 3 11 25 28 36 43 52 69 72 83 95
45 45 10 15 16 21 22 32 41 43 44 46 49 50 51 52 56 59 66 68 93
46 46 34 41 86 96
47 47 3 5 15 23 24 25 30 32 55 56 67 87 91 97
48 48 0 5 20 28 56 71 72 73 77
49 49 13
50 50 8 37 89
51 51 22
52 52 13 15 22 25 26 27 33 40 42 43 46 51 54 57 61 62 63 64 66 70 73 80 88 93
53 53 3 72
54 54 34
55 55 13 18 21 25 30 35 42 44 49 50 54 62 66 67 70 76 87 89
56 56 16 20 24 47 48 50 51 60 69
57 57 11 29
58 58 18 33 67 76 89 94
59 59 74
60 60 2 12 26 36 37 96
61 61 24 25 39 43 62 69 71 80 81 87
62 62 4 19 22 37 41 47 50 55 61 70
63 63 17 37
64 64 2 4 7 11 14 15 18 23 24 25 27 28 30 31 33 35 36 37 40 44 46 52 54 57 60 63 65 68 70 73 81 82 85 86 87 92 93 94 96
65 65 1 2 16 22 31 57 76 78 81
66 66 60
67 67 4 5 32 35 47 56 70 76
68 68 23 39 40 46 64 67 83 84 86
69 69 44 51 84 95
70 70 4 5 91
71 71 7 64 88
72 72 16 39 50 79
73 73 6 10 13 14 15 21 23 25 27 30 31 33 35 36 37 41 43 46 49 50 53 57 59 63 64 66 69 75 82 85 92
74 74 6 35 52 60 91
75 75 0 6 28
76 76 37
77 77 44 53
78 78 74
79 79 13 18 37 50 90 96
80 80 35 38 76 88 90 94
81 81 11 25 26 40 49 57 61 64 69 71 76 88 90
82 82 4 7 15 46 70 92
83 83 37 38 65 72 92 95
84 84 18 60 62 91
85 85
86 86 6 10 11 12 21 30 31 33 34 57 59 63 70 75 84
87 87 16 22 32 38 93
88 88 20 21 25 30 33 46 49 53 58 66 67 70 80 83 89
89 89 63 80
90 90 11 28 33 43 65 68 78 79 80 83 93 94 95 97
91 91 5 14 32 49 57 84 88 94
92 92 38 90
93 93 10 56
94 94 20 35 60 65 80 90 91
95 95 9 18 20 46 54 79
96 96 23 26 28 31 33 34 55 74 82 89 93
97 97 31 50 52 61 81
