#causal_discovery_pcmci.py data/csi300_return_80.csv 4 csi300 pcmci
# GMT Sun Sep 29 13:02:04 2024
# 
0 0 2 51 95
1 1 25 57 78
2 2 0 1 5 48 63 65 70
3 3 11 19 45
4 4 65
5 5 11 24 39 50 52 55 56 59 63 67 70 72
6 6 12 19 35 45 83
7 7 22 41 45 73
8 8 4 10 27 32 34 47 56 62 64 67 70 72 97
9 9 1 20 50 71 87
10 10 41 57 59
11 11 0 4 8 9 12 13 14 15 17 18 20 21 24 25 27 28 30 31 33 34 38 39 42 43 53 54 57 58 59 60 62 65 66 67 68 69 73 74 77 78 79 80 81 82 84 87 88 89 90 92 94 95
12 12 0 2 10 21 23 24 28 29 32 37 38 48 50 53 63 65 69 73 74 78 81 85 86
13 13 1 4 7 12 30 37 39 46 71 73 80 83 85
14 14 80 96
15 15 6 10 19 41 64 68 88
16 16 8 68 81 94
17 17 0 3 6 9 10 11 19 23 24 25 26 28 29 31 36 43 46 53 56 62 69 73 74 75 78 79 80 81 82 85 86 88 90 92 97
18 18 0 1 4 10 23 24 29 38 41 61 65 77 78 81 83 95 96 97
19 19 13 15 27 33 35 41 43 46 58
20 20 3 17 18 61 93
21 21 4 11 14 34 89
22 22 5 7 11 34 37 39 49 57 59 64 90
23 23 65
24 24 18 42 57 60
25 25 7 35 37 40 41
26 26 2 7 8 24 25 42 50 65 66 85 86
27 27 3 8 42 52 62
28 28 32 56 62
29 29 72
30 30 6 8 9 11 12 14 15 19 21 26 33 36 44 46 52 65 67 70 84 88 92 94
31 31 19 24 28 30 36 38 58
32 32 47 56
33 33 27 30 31 35 39 67 75 77 79 95 97
34 34 0 29
35 35 60 87
36 36 4 5 13 22 39 73 91
37 37 7 11 18 32 35 54 55 66 76
38 38 1 4 37 54 71 79 81 82 84 95
39 39 3 8 67 88
40 40 35 36 88
41 41 4 16 46 65
42 42
43 43
44 44 0 2 11 25 28 36 43 69 72 83 95
45 45 10 16 21 22 32 44 50 51 52 56 59 66 68 93
46 46 34 41
47 47 3 5 15 23 25 30 32 55 56 67 87 91
48 48 5 20 51 56 71 72 73
49 49 13
50 50 8 37 89
51 51 22
52 52 11 13 15 22 23 25 26 27 33 40 46 51 54 57 62 63 66 73 80 88 93
53 53 72
54 54 34
55 55 66 67 87
56 56 16 24 47 48 50 51 69
57 57 11 29
58 58 9 18 33 67 76
59 59 74
60 60 2 12 26 36 37 83 96
61 61 25 39 43 62 71 87
62 62 4 19 22 37 41 50 55 61 70
63 63 17 37 56
64 64 2 4 7 14 15 18 23 25 27 28 31 33 35 36 40 44 46 52 54 57 59 60 63 65 68 70 73 81 85 86 87 92 93 94
65 65 1 2 31 57 76 78 81
66 66 53 60
67 67 5 32 47 56 65
68 68 23 39 40 46 62 64 67 83 84 86
69 69 44 51 84 93
70 70 4 91
71 71 1 7 64
72 72 39 50 51
73 73 6 10 13 14 15 21 23 25 27 30 31 33 35 36 37 40 41 43 46 49 50 53 57 59 63 66 69 75 77 82 90 92
74 74 6 35 91
75 75 0 28
76 76 37
77 77 44 53
78 78 74
79 79
80 80 35 76 88 90 94
81 81 11 25 40 49 69 76 90
82 82 15 46 70
83 83 38 65 88
84 84 18 60 62 91
85 85
86 86 6 10 11 21 24 30 31 33 34 35 57 59 63 70 75 84 85 90
87 87 16 93
88 88 30 52 58 83
89 89 63 80
90 90 11 28 33 43 65 68 78 79 94
91 91 49 57 84
92 92 38 90
93 93 10 56
94 94 20 60 65 91
95 95 4 18 20 46 54 92
96 96 26 31 34 55 82 93
97 97 50 52 61
