#run_causal_discovery.py data/Cleaned_CSI_300_Data.csv 3 csi300 varlingam
# GMT Wed Jul 31 15:46:48 2024
# 
0 0 3 8 11 18 24 25 34 35 61 73 77 78 79 80 90 92 95
1 0 1 6 22 23 35 36 38 40 53 54 62 65 67 74 78 80 90 95
2 2 3 10 12 13 18 28 38 40 65 67 70 80
3 3 11 44 52 64 81 90
4 4 11 44 48 53 65 72
5 0 3 5 6 7 13 20 24 28 32 34 39 42 47 48 51 54 55 56 57 59 67 71 78 81 89 91
6 6 7 9 13 15 18 22 27 41 42 45 55 67 81 90
7 2 4 7 14 26 31 32 35 37 39 41 46 48 49 54 59 64 65 67 77 81 84 90
8 2 8 10 11 14 23 28 30 35 37 41 42 61 62 63 65 67 73 80
9 2 8 9 14 17 18 31 38 40 41 45 47 50 51 52 53 59 61 62 63 64 65 68 70 76 85 89 96
10 2 3 4 8 10 13 18 19 30 35 36 37 38 39 43 51 53 59 62 64 66 67 73 74 81 87 97
11 0 1 2 10 11 13 18 27 28 30 31 35 38 39 46 60 61 62 64 65 66 73 74 80 81 82 83 88 90 93 96
12 2 3 12 18 21 23 46 62 67 88 95
13 13 30 33 35 46 53 61 62 64 65 78 80 90
14 13 14 16 18 34 53 65 67 87
15 0 3 6 7 9 10 11 13 15 21 22 25 26 28 29 30 35 41 42 46 52 53 59 61 62 63 65 66 67 69 71 72 73 75 76 78 80 83 88 89 92 95
16 6 7 9 12 16 20 22 26 34 37 39 42 45 46 48 49 51 54 57 59 60 61 65 78 84 87 89 91 92 94
17 1 2 8 11 12 17 18 23 29 37 47 53 65 66 68 78 79 80 81 82 83 84 90 95 97
18 18 40 61 79 80 91
19 6 7 18 19 62 70 77 93
20 0 4 14 20 24 34 44 60 61 67 77 78 84 87 95 96
21 6 7 8 9 10 11 12 13 18 20 21 22 23 27 32 33 35 41 42 43 50 52 54 55 57 61 62 63 64 65 68 70 74 75 78 79 80 82 89 90 92 94 96
22 0 7 10 14 18 22 23 35 37 39 46 53 54 55 57 59 61 62 63 65 70 78 84 87 90 93 95
23 0 2 9 23 27 35 38 39 53 65 74 77 78 80 90
24 5 15 24 42 51 72 74 75 77 90 95
25 9 11 12 17 25 27 30 31 34 35 38 42 43 47 50 52 53 63 66 72 73 76 82 84 86 95
26 0 7 12 13 15 18 26 35 42 44 46 54 77 81 84 86 96
27 11 18 27 28 30 35 42 46 52 53 64 69 78 81 94
28 0 3 13 18 23 24 27 28 33 35 40 48 62 67 72 73 74 76 77 78 80 90 94
29 0 8 13 14 24 28 29 33 34 35 36 38 46 57 63 73 77 78 83 90 91 95 97
30 2 13 26 30 31 38 42 61 63 67 88 96
31 1 2 3 10 14 18 26 31 34 35 37 38 39 40 42 46 53 54 59 60 61 67 75 84 85 86 91 95 96 97
32 0 2 5 7 9 13 14 15 16 20 21 24 27 32 34 35 37 39 42 47 48 51 62 65 66 67 72 75 76 78 81 88 89 90 91 92 94
33 0 3 7 9 11 12 13 15 21 23 25 26 27 30 31 33 35 38 39 40 43 46 50 54 62 64 65 67 69 71 72 73 75 76 80 81 82 84 86 88 89 90 92 93 94 95 96
34 0 8 24 34 35 43 46 66 72 92 96
35 3 12 18 22 23 34 35 40 42 43 56 62 64 69 70 71 73 75 76 78 79 80 82 88 90 91 92 94
36 2 13 18 34 36 61 70 71 90
37 0 2 4 6 9 12 18 20 28 32 35 36 37 46 48 49 53 54 76 90
38 0 23 24 25 28 30 35 38 40 53 61 72 77 78 80 83 84 85 90 95 97
39 0 1 2 5 16 20 22 23 29 37 38 39 40 48 49 54 60 67 74 75 78 83 85 86 92 96
40 3 27 33 34 40 43 51 67 75 86 90
41 3 11 18 41 45 61 62 70 90 92 94 95
42 2 3 7 10 11 13 14 22 34 37 38 39 40 41 42 45 46 53 64 65 67 69 70 73 79 84 90 94 96
43 12 13 14 23 34 38 43 50 51 54 60 65 72 73 75 86 90 93 95
44 14 20 23 44 53 57
45 2 7 10 13 15 18 23 34 39 42 45 46 52 57 61 62 65 70 80 81 96
46 4 7 13 18 41 46 51 57 61 62 65 78 79 80 92
47 0 23 27 32 38 45 47 50 51 53 54 73 76 79 81 89
48 2 4 6 9 11 15 21 22 23 28 30 34 37 39 41 42 44 45 47 48 51 59 64 67 68 70 71 76 77 87 92
49 14 20 24 28 39 45 47 49 50 53 57 63 67 69 75 76 78 80 84 87 90 95
50 2 8 11 12 13 18 22 30 34 41 42 50 51 52 53 59 61 62 63 64 65 66 67 68 70 82 89 97
51 6 11 27 34 51 60 65 66 68 72 83 84 85 90 91
52 2 8 11 12 13 18 30 41 52 61 67 75 79 81 85 92 93
53 2 3 27 42 53 57 63 76 81 92
54 2 14 18 20 34 35 37 44 45 46 49 50 54 57 59 60 72 75 77 80 84 87 89 93 96
55 1 2 3 22 28 34 37 39 42 47 55 57 59 61 62 64 66 67 69 78 80
56 6 9 11 13 14 20 22 23 27 31 32 35 41 42 44 45 47 48 53 55 56 62 63 65 71 78 79 80 81 82 91 93 96
57 11 22 47 57 59 62 65 66
58 2 7 9 17 18 20 22 25 29 38 40 47 50 51 52 53 58 60 62 63 65 68 69 73 79 80 85 86 97
59 3 5 11 13 18 34 57 59 67 70 74
60 14 26 35 53 60 61 65 67 78 86
61 2 3 12 13 18 30 36 40 51 61 64 65 67 97
62 2 13 15 18 21 37 39 59 62 69 81 92
63 1 2 7 10 11 12 14 22 26 30 31 38 39 40 41 42 43 47 53 60 63 65 66 67 76 78 79 82 88 94 96
64 3 9 11 12 13 15 18 27 30 33 35 40 46 54 62 64 65 66 67 69 76 77 78 79 81 82 88
65 3 4 6 13 18 20 23 24 29 35 39 40 61 62 65 67 73 78 79 81 84
66 2 4 7 23 35 37 38 40 43 49 53 64 65 66 73 85 86 90
67 11 14 27 28 35 36 42 53 54 57 67 69 72 74 78 88
68 18 22 30 35 41 42 43 45 46 47 53 61 62 65 68 95
69 0 2 3 5 10 11 18 21 23 24 25 26 28 29 30 33 36 37 39 42 50 53 54 55 59 62 63 69 70 76 78 79 80 81 82 85 86 88 94 97
70 3 7 10 13 14 18 28 34 35 46 57 60 61 63 67 70 76 84 91 94 96
71 3 7 10 13 22 23 25 26 27 28 30 31 33 34 35 39 46 51 54 63 64 66 67 69 70 71 72 73 75 79 82 86 89 90 92 94 96
72 6 21 27 33 72 82 92
73 2 3 12 15 28 30 31 33 34 36 40 42 46 60 65 72 73 75 84 85 90 94 95
74 11 18 24 33 53 65 74 94
75 1 2 3 10 11 13 14 23 34 35 38 46 60 62 64 65 67 69 72 73 75 83 84 90 95
76 1 2 12 13 23 30 31 35 37 38 39 42 61 62 64 65 66 67 69 73 76 79 80 81 85 86 89 90 96 97
77 2 3 7 22 34 35 44 53 67 72 77 86
78 5 9 13 24 30 34 35 36 41 48 56 61 62 65 69 72 74 77 78 79 94
79 1 2 11 12 13 20 24 27 31 34 37 39 42 60 62 65 73 76 79 82 84 86 95
80 3 7 11 13 28 33 34 35 36 62 64 65 67 69 72 78 80 81 88 89 90
81 5 10 11 15 23 24 27 28 29 31 33 38 39 43 53 61 65 66 67 72 73 74 75 77 78 81 83 86 88 89 90 92 94 95 96 97
82 2 3 7 8 10 12 13 15 18 23 30 33 34 36 40 42 46 49 54 64 65 66 67 73 74 78 79 80 81 82 90 92 94 96
83 12 14 22 23 25 40 57 69 72 83 84 85 86 88 96 97
84 2 40 46 51 62 65 67 69 74 84 85 90 91 94
85 14 43 50 72 74 78 80 85
86 11 18 23 29 35 36 38 40 42 54 57 69 72 74 79 80 82 85 86 90 96 97
87 13 14 16 23 35 46 67 78 81 84 87 97
88 2 10 11 12 13 22 28 30 35 39 40 41 42 50 53 62 69 70 71 72 76 79 80 81 82 84 86 88 89 90 92 93 95
89 7 11 13 14 18 22 26 30 34 35 37 42 45 46 47 51 53 54 61 62 63 65 70 73 75 76 78 79 80 82 88 89 90 96
90 0 2 11 12 34 53 55 61 65 76 79 81 82 84 89 90 91 97
91 1 10 14 15 18 20 41 65 68 69 71 73 80 82 83 91 92 94
92 3 6 8 9 10 11 12 13 20 21 23 24 26 27 30 31 33 36 40 42 45 46 49 54 63 64 66 67 69 70 72 73 74 75 76 80 81 82 83 84 85 87 89 92 94 97
93 0 14 18 32 35 46 48 51 54 57 59 61 62 72 73 79 80 84 90 92 93 96
94 1 3 6 7 10 11 13 15 20 21 22 23 25 30 33 35 36 37 40 42 43 46 47 50 54 59 61 63 64 65 67 69 71 74 76 80 81 82 84 85 86 88 90 91 92 93 94 95 96
95 0 13 18 23 27 28 30 34 36 51 76 78 79 80 83 90 95 96 97
96 11 13 14 23 28 35 65 67 69 90 94 96
97 0 11 23 24 28 34 36 57 74 78 82 90 95 96 97
