#run_causal_discovery.py data/Cleaned_CSI_300_Data.csv 6 csi300 varlingam
# GMT Wed Jul 31 15:57:46 2024
# 
0 0 8 18 24 34 35 73 77 78 80 90 95 96
1 0 1 6 14 36 38 49 53 70 80 86 90 95
2 2 3 10 12 18 28 40 55 56 67 68
3 3 20 34 48 64 89 96
4 4 11 44 53 65 72 96
5 0 5 6 7 10 20 21 24 28 32 33 34 37 42 46 47 48 51 54 56 59 60 64 67 71 78 81 89
6 6 7 9 13 18 20 27 42 45 49 64 90
7 2 7 14 26 36 37 46 47 48 49 54 55 64 67 70 77 84
8 8 10 11 27 28 30 41 42 62 63 65 67 78 80 88 93
9 2 5 8 9 14 17 22 31 40 41 47 50 51 52 61 62 63 64 65 68 76 85 88 89
10 3 4 10 12 13 18 19 21 30 33 35 36 38 39 43 53 61 62 64 66 80 81 94 96 97
11 1 2 10 11 12 13 30 33 35 38 39 40 43 46 60 61 62 64 65 66 73 74 80 81 82 86 90 93 96
12 3 12 23 62 88
13 2 10 13 18 30 31 33 35 46 53 61 62 65 80 90
14 5 14 18 41 48 65 87 89
15 3 6 7 9 10 11 13 15 21 22 25 28 29 30 35 42 43 46 57 62 63 64 65 66 67 69 70 71 72 75 76 78 80 81 86 88 89 92
16 6 7 12 16 20 26 37 42 45 46 48 49 51 54 57 60 64 65 70 76 77 84 87 89 92 93 94 96
17 1 3 8 11 12 17 18 20 23 29 33 37 47 50 53 61 63 66 67 68 78 79 80 82 84 90
18 18 23 43 61 74 80 81
19 6 7 18 19 62 67 93
20 0 4 14 20 24 34 56 61 66 67 77 78 84 87 95 96
21 6 8 9 10 13 18 20 21 22 35 41 43 46 50 51 54 55 56 57 61 62 63 64 65 70 73 74 82 88 89 90 92
22 5 7 14 18 22 35 37 46 54 55 59 61 64 65 70 78 87 90 93 95
23 0 2 9 23 27 35 38 65 73 74 77 78 90
24 5 15 24 34 42 48 51 72 77 96
25 6 9 11 13 17 25 30 31 35 38 50 52 53 63 66 72 73 76 80 82 84 86 88 95
26 7 12 13 14 18 26 35 44 46 54 65 77 81 84
27 27 30 42 52 53 69 78 94
28 0 3 18 23 24 27 28 33 35 40 48 62 72 73 74 77 78 80 88 90
29 0 13 24 28 29 35 36 38 49 61 62 63 77 78 83 90 95 97
30 2 13 26 30 31 36 38 46 61 62 80 88 89 95 96 97
31 1 4 10 14 18 23 26 28 31 34 35 37 38 39 40 42 46 49 53 54 59 60 61 62 64 67 75 84 85 91 93 95 97
32 0 2 4 5 7 9 13 14 15 16 18 20 21 24 27 32 34 35 37 39 46 48 51 57 59 63 65 67 70 76 78 81 82 88 90 91 92 94
33 0 7 9 10 12 13 15 18 21 23 25 26 27 30 31 33 35 38 54 59 62 64 65 67 69 70 72 73 75 76 78 80 81 82 84 86 88 89 90 92 93 94 95 96
34 0 8 24 34 35 48 61 66 72 82
35 3 12 35 40 43 46 56 57 62 64 69 72 75 76 78 79 80 82 88 90 92 96
36 2 5 6 17 18 35 36 42 61 62 81 90 94 96
37 0 2 3 4 6 12 18 32 36 37 46 49 54 56 64 76 77 86 90
38 0 23 24 27 30 34 38 42 53 61 72 77 78 80 83 85 90 95 97
39 0 1 2 14 16 18 20 23 24 29 38 39 46 54 60 73 75 78 83 86 96
40 3 12 33 34 40 82 88 90 93 94
41 3 41 62 64 72 90
42 2 3 5 6 7 10 13 14 22 30 34 37 39 40 41 42 45 46 53 64 65 67 70 73 90
43 14 25 34 36 38 43 47 51 53 54 65 72 73 75 95
44 20 44 53 57 93
45 7 10 18 26 34 39 42 45 57 61 62 65 80 96
46 4 7 14 18 46 57 61 65 72 78
47 0 11 23 27 38 47 51 53 54 55 59 80 81 89 93
48 0 2 4 6 9 15 21 26 28 34 37 41 42 44 45 47 48 49 51 54 55 60 67 68 70 71 76 77 87 92
49 4 13 14 20 24 28 35 44 49 53 57 62 64 69 75 78 80 87 90 95 97
50 2 8 11 12 13 22 41 42 50 52 57 61 62 63 65 66 67 68 70 80 82 85 93 96 97
51 6 27 34 49 51 60 65 66 72 84 85 91
52 8 18 41 52 61 75 79 81 85 92 93
53 3 27 53 57 81 97
54 3 6 14 18 20 24 35 37 44 49 50 54 60 64 75 77 80 84 88 89 93
55 1 16 22 28 37 39 42 47 55 57 59 61 62 64 66 67 80
56 0 6 14 16 20 22 27 31 32 42 45 47 48 53 55 56 62 63 65 71 76 78 80 81 82 86 88 91 93 96
57 3 11 21 57 62 80
58 1 9 12 17 18 20 25 29 38 41 47 50 51 52 53 58 60 62 63 66 68 69 79 80 85 86 88
59 3 5 11 18 27 35 57 59 67 74 88
60 4 14 26 35 38 53 60 65 78 93
61 2 3 12 18 36 40 51 61 62 64 65 67 78 82
62 18 21 59 62 64 66 81
63 1 2 9 10 11 12 14 18 22 26 31 32 37 38 40 41 42 43 47 53 63 64 65 66 76 78 79 88 89 94
64 3 11 13 18 20 30 33 35 40 46 54 56 62 64 66 67 76 78 79 80 81 82 88 89 92
65 3 6 10 13 23 24 39 40 50 61 62 64 65 67 73 78 81 93 96
66 7 12 13 18 23 35 43 49 53 60 64 66 73 85 86
67 11 20 27 28 34 35 36 42 56 57 63 64 67 69 72 74 77 87
68 11 18 22 41 42 43 46 47 53 61 65 68 90 95
69 0 2 3 5 10 11 18 20 21 23 25 26 28 29 30 36 37 39 41 42 50 54 61 63 65 69 76 78 79 80 81 82 84 85 86 88 89 94 97
70 7 14 34 35 46 57 60 61 63 65 70 82 96
71 3 7 10 11 13 18 21 27 28 30 33 34 35 38 39 63 64 67 71 72 73 75 79 80 82 85 89 90 92 96
72 6 27 33 72 80 82 88 92
73 2 15 28 30 31 40 53 62 64 72 73 84 85 86 94 95 96 97
74 18 24 33 53 67 74
75 1 2 13 14 18 24 34 38 46 60 62 72 75 82 83 90
76 1 10 12 13 20 23 30 31 35 37 38 39 42 49 61 62 64 65 66 69 76 79 80 81 84 86 89 90 95 97
77 3 6 35 36 44 46 55 77 84
78 5 24 34 36 48 62 65 72 74 77 78
79 1 11 12 13 23 27 30 31 34 36 39 42 66 67 73 76 79 82 84 86 93 95
80 3 7 18 27 28 34 35 36 40 62 64 72 80 81 90
81 10 11 20 23 24 27 28 29 31 33 34 38 39 43 47 53 65 66 67 72 73 74 75 77 78 80 81 83 85 86 88 90 92 95 96 97
82 3 10 12 13 14 15 20 30 33 34 37 40 46 49 64 65 66 67 71 73 74 79 80 82 90 92 94 96
83 5 12 14 22 23 56 57 65 66 72 82 83 86 88 96 97
84 2 3 16 27 41 42 43 44 51 72 74 84 90 96
85 14 34 37 50 72 74 80 82 84 85
86 4 27 29 35 36 38 40 42 54 69 72 74 79 80 85 86 90 97
87 14 18 35 46 48 81 84 87 97
88 10 11 12 13 27 28 30 35 40 42 50 53 61 62 64 69 70 72 79 80 81 82 84 88 89 90 92 93 95
89 7 11 13 14 18 21 22 23 26 30 34 37 42 45 46 53 54 56 62 65 70 73 78 80 88 89 90 96
90 0 5 18 27 34 55 56 61 62 65 82 84 89 90
91 1 10 14 15 18 20 41 42 64 71 91 94
92 3 6 8 9 10 11 13 18 20 21 26 27 31 33 36 40 42 43 45 46 49 53 54 55 62 63 64 65 66 67 69 70 73 74 75 76 80 81 82 84 87 89 90 92
93 7 14 24 27 35 40 46 48 51 54 56 57 59 61 62 72 73 84 92 93 96
94 2 3 5 13 15 18 21 23 25 29 30 31 33 35 36 37 40 42 50 54 59 61 63 64 67 69 70 71 76 78 80 81 82 84 85 88 90 92 94 95
95 23 27 28 34 36 51 64 66 79 80 83 90 92 93 95 96 97
96 14 23 35 46 65 67 69 75 80 90 96
97 0 23 24 28 34 36 74 77 78 82 90 95 96 97
