#causal_discovery_pcmci.py data/csi300_return_80.csv 3 csi300 pcmci
# GMT Sun Sep 29 12:55:00 2024
# 
0 0 2 51 95
1 1 15 57
2 2 0 1 3 5 48 63 65
3 3 11 29 45
4 4 65
5 5 11 24 52 59 63 67 70 72 85
6 6 12 19 35 45 83
7 7 45
8 8 4 10 27 32 33 34 47 56 62 64 67 70 72
9 9 1 20 50 54 71 87
10 10 41 59
11 11 0 8 12 13 14 15 20 24 27 28 33 34 38 42 54 67 69 73 77 78 80 81 84 87 88 89 90 92 94 95
12 12 65
13 13 1 7 30 46 73
14 14 80 96
15 15 10 19 41 43 64 68 88
16 16 68 81
17 17 0 3 6 9 10 11 19 21 23 24 25 26 27 28 29 31 35 36 43 46 53 56 62 69 73 74 75 78 79 80 81 82 85 86 88 90 92 95 97
18 18 0 4 10 23 24 29 38 41 61 77 78 81 83 95 96 97
19 19 13 15 33 35 41 43 46 58 84
20 20 3 6 17 18 61
21 21 4 11 89
22 22 5 7 11 34 37 49 57 59 70 82 90
23 23 65
24 24 18 42 57
25 25 7 35 37 41 70
26 26 2 7 8 24 25 42 50 65 66 85 86
27 27 8 42 52 70
28 28 32 56
29 29 72
30 30 6 8 9 11 12 14 15 19 21 26 33 36 44 46 65 67 70 84 92 94
31 31 19 58
32 32 47 56
33 33 27 30 31 67 79 90 94 95
34 34 0 29 63
35 35 87
36 36 5 13 25 39 70 73
37 37 14 32 35
38 38 1 4 37 54 71 79 82
39 39 3
40 40 11 35 36 80 88
41 41 4 16 46
42 42
43 43
44 44 0 11 25 28 29 36 43 69 72 83 95 96
45 45 10 16 21 22 32 44 49 51 52 59 66 93
46 46 41 65
47 47 3 5 15 23 24 25 30 32 55 56 74 87 91
48 48 56 71 72 73
49 49
50 50 8 37 89
51 51 83 86
52 52 13 15 22 25 26 27 33 35 40 46 50 54 57 62 63 64 66 73 80 88 93 97
53 53 72
54 54 34
55 55 87
56 56 16 24 47 51 69
57 57 11 29 94
58 58 9 33 67
59 59 13 74
60 60 2 12 26 36 37 83 96
61 61 25 43 71 87
62 62 4 19 22 37 41 50 55 61 70
63 63 17 37
64 64 2 4 7 11 15 18 23 25 28 31 36 40 44 46 52 57 60 63 65 70 73 81 82 85 86 87 92
65 65 1 2 57 76 78 81
66 66 53 60
67 67 5 32 47 56
68 68 23 40 46 62 64 67 78 84 86
69 69 39 44 51 93 95
70 70 4
71 71 7
72 72
73 73 6 10 13 14 15 21 23 25 27 30 31 33 35 36 37 40 41 43 46 49 50 53 57 59 63 66 69 75 77 82 90 92 96
74 74 6 35 91 96
75 75 0 28
76 76 37
77 77
78 78
79 79
80 80 35 76 90 94
81 81 11 49 75 76
82 82
83 83 23 38
84 84 18 60 62 88
85 85
86 86 63 65 90
87 87 16
88 88 30 58 96
89 89 63 80
90 90 11 33 43 65 68 74 78 79 94
91 91 20 49 57 84 92
92 92 38 90
93 93 10 56
94 94 65
95 95
96 96 26 31 34
97 97 50
