#causal_discovery_pcmci.py data/Cleaned_SP500_Data_latest_return.csv 3 latest_sp500_return pcmci
# GMT Sun Sep  8 08:10:40 2024
# 
0 0 167 340
1 1 50 156 279 286
2 2 65 93 208 275 311 410 434 455
3 3
4 4 329
5 5 34 62 102 157 258 265 288 297 334 340 341 342 344 438
6 6 45 81 144 209 229 307 393 448
7 7 224
8 8 5 24 38 40 41 55 58 65 75 76 82 92 95 110 113 114 118 137 144 146 150 158 167 169 175 189 199 200 205 207 208 211 212 223 224 225 226 236 238 265 267 269 273 278 283 288 297 299 304 313 323 326 328 331 333 335 348 354 357 378 383 393 396 407 409 416 444 458 462
9 9
10 10 13 59 67 80 147 174 208 259 264 289 300 342 350 411 450 458
11 11 1 20 35 60 96 98 100 108 111 149 151 156 168 169 179 188 192 196 201 213 245 268 273 287 296 304 308 318 319 320 331 333 338 340 352 358 361 362 375 376 381 406 422 430
12 12 30 44 101 114 134 154 160 193 238 254 261 298 342 366 392 394 400 421 451 452 458
13 13 6 14 15 17 28 31 35 36 37 39 42 49 53 55 73 91 97 101 114 129 140 142 144 147 151 171 177 182 183 188 198 204 205 208 212 213 221 234 240 246 249 256 257 260 262 266 283 294 304 306 310 320 324 333 337 338 339 348 349 359 369 375 377 379 380 383 384 387 388 402 420 428 430 434 435 436 438 449 452 463
14 14 208 428
15 15 106 115 147 237 280 428
16 16 44 95 158 354 429
17 17 16 23 27 30 31 43 47 50 66 76 82 83 84 89 97 101 128 129 130 133 137 140 147 150 152 170 175 177 183 184 185 193 200 203 206 208 212 213 216 243 245 253 256 272 275 276 284 304 310 311 313 322 336 337 338 344 351 355 357 371 376 379 380 383 389 393 396 397 398 414 420 425 432 437 439 440 442 445 459 461
18 18 201 207 237 249 318 429
19 19 100 427
20 20 2 19 33 48 49 51 61 85 134 146 173 178 203 208 233 236 243 250 253 255 259 284 299 310 324 335 344 357 367 398 412 413 419 423 433 447 449 456
21 21 90 117 151 154 174 179 254 277 290 293 350 379 391 412 421
22 22 449
23 23 183 242 250 323 370
24 24
25 25 33 62 69 103 124 180 198 240 252 274 288 439
26 26
27 27 460
28 28 6 34 43 57 64 76 112 120 133 134 152 173 178 195 198 210 212 217 245 271 282 294 298 317 334 335 338 382 385 415 420 443 463
29 29
30 30 57 182 218 275 403 427 460
31 31 141 187 222 239 319 340
32 32 27 85 91 96 105 141 144 154 222 228 235 236 246 249 269 292 293 298 309 310 368 377 392 400 414 421 424
33 33
34 34 108 126 218
35 35 0 61 79 118 220 227 231 262 273
36 36
37 37 268
38 38
39 39 18 33 34 47 48 56 63 80 105 110 123 195 199 207 241 373 386 408 413 417 424 432 445 464
40 40
41 41 223 230 369
42 42 87 99 111 118 164 179 230 286 422
43 43 13 47 49 50 53 57 72 88 101 116 125 143 146 167 177 187 197 210 217 226 227 230 232 238 243 256 332 337 355 367 439 441
44 44 33 124 451
45 45 251
46 46 19 22 25 36 37 44 50 52 54 56 60 62 64 67 75 77 80 81 83 85 86 89 93 101 112 118 120 121 124 127 129 130 132 136 147 166 168 172 174 182 195 197 200 202 203 208 209 216 219 221 226 229 235 239 246 247 248 250 263 278 279 289 293 300 303 305 317 324 325 326 327 328 344 348 355 356 360 363 365 371 374 377 385 391 393 396 399 400 414 415 432 438 441 450 455 456 462 463
47 47 20 98 100 122 179 187 248 257 274 354 420 425 435
48 48
49 49 124
50 50 183 261
51 51 108
52 52 21 57 104 151 276 338 357 391 427 435 462
53 53 11 35 46 72 73 79 85 90 102 104 106 135 145 154 162 170 223 254 256 260 276 292 304 352 357 359 377 392 410 423 439 452
54 54 32 65 109 118 185 216 229 304 308 320 329 388 402 452
55 55 243 445
56 56
57 57 383
58 58 114 180 228 286 368 433
59 59 54 117 121 122 155 301 323 335 400 427 447
60 60 117 141 253 269 321 407
61 61 185 430
62 62 2 5 12 26 32 36 37 39 42 48 56 65 70 85 92 94 97 107 114 123 128 131 139 141 146 154 164 167 170 177 183 188 197 206 212 215 221 230 231 235 236 238 241 246 250 253 259 261 264 279 283 285 299 304 306 313 314 315 317 328 329 335 360 363 379 384 385 386 387 390 392 399 407 413 415 416 417 418 419 421 428 432 439 443 447 452 453 456 461 463
63 63 43 357
64 64 118 181 400
65 65 288 363
66 66 138 190 224 395 425
67 67
68 68 12 19 76 89 92 119 121 147 198 236 277 300 328 345 350 362 378 407 410 419 435 439 461
69 69 442
70 70 41 59 229 271 319 406
71 71 349
72 72 54 130 261 268 300 371 408 450 451
73 73 143
74 74 43 58 103 444
75 75 79 149 210
76 76 182 388
77 77
78 78 12 17 31 38 39 48 56 63 64 83 111 144 145 178 181 192 195 212 220 267 275 313 316 326 380 393 399 420 425 453 463
79 79 6 8 9 10 12 14 22 26 29 30 31 32 38 42 44 45 55 59 61 65 70 71 85 87 88 93 95 98 107 111 118 125 130 131 133 134 137 141 144 145 150 153 158 160 165 166 167 169 171 179 183 186 196 198 201 206 212 214 215 217 221 224 226 234 235 239 245 246 247 251 255 257 264 271 274 276 277 279 280 287 290 292 295 298 299 302 303 304 308 310 313 315 319 325 328 329 334 339 345 354 356 357 359 372 376 380 385 386 388 393 395 399 402 406 408 410 411 413 420 432 437 440 452 455 456 459 464
80 80
81 81
82 82 226
83 83
84 84 67 99 129 143 280 330
85 85 261 413
86 86
87 87
88 88 185 257 269 344
89 89 30 173 221 367 427
90 90 18 22 33 42 65 87 101 121 144 147 148 167 178 200 203 231 234 236 253 259 274 292 325 339 354 357 360 365 378 389 437 443 453 459
91 91 29 63 66 97 106 112 160 240 294 334 346 384 394 414 415 416 436 443
92 92
93 93 135 267
94 94 199
95 95 287 448
96 96 17 26 28 61 105 122 131 164 171 176 184 185 208 210 220 253 259 269 279 300 306 311 323 326 355 369 434 436 457 459
97 97 3 5 6 8 9 10 15 24 29 30 31 32 35 36 38 44 47 51 56 57 61 62 63 65 69 70 76 81 85 92 95 98 101 102 113 115 116 118 120 121 125 128 131 132 135 136 137 139 145 146 147 148 151 153 158 159 162 164 166 167 168 170 172 178 179 180 183 192 193 194 195 197 200 204 205 206 217 218 220 222 225 226 229 230 231 233 234 235 240 242 244 247 250 251 256 258 271 272 274 275 276 277 278 281 284 285 290 292 293 296 299 302 303 305 307 308 313 315 316 319 320 321 322 323 324 325 326 328 335 344 345 347 349 352 357 361 366 367 368 369 371 372 378 380 382 383 384 385 390 391 394 395 396 397 399 401 402 405 407 412 414 415 419 420 425 428 435 438 439 440 453 454 455 456 457 459 460 463
98 98 41 67 68 74 108 127 133 142 178 191 264 303 307 395
99 99 2 7 23 27 30 34 36 49 54 66 69 78 90 92 134 145 146 151 160 161 165 167 180 186 187 191 199 200 202 203 216 217 233 234 240 248 260 274 276 283 303 316 322 342 346 360 364 375 379 390 394 397 398 412 413 437 450 451
100 100 5 68 78 79 84 103 147 163 174 216 223 240 244 257 263 303 333 343 350 356
101 101
102 102 143
103 103 8 149
104 104 13
105 105 73 151 301 390
106 106 145 162 282 319 437
107 107 15 239 434
108 108 67 282
109 109 8 89 130 178 365
110 110 8
111 111 44 72 76 97 151 163 205 215 233 390 394 411
112 112 16 68 78
113 113 52 105 314 315 400 406 429 432
114 114 16 40 52 76 113 125 143 158 178 202 299 359 368 401 406 449 464
115 115 94 240 282 458
116 116
117 117 1 20 36 104 292 296
118 118 24 33 186 250 258 309 333 337 463
119 119 96 99 145 273 330 393 428
120 120 64 70 91 100 118 155 182 184 195 266 272 275 361 393
121 121 12 15 36 38 39 42 63 67 78 104 122 164 197 202 204 221 248 266 305 359 379 380 399 402 453
122 122 3 4 18 36 45 72 75 81 87 119 120 123 138 157 159 172 195 197 209 211 236 241 246 254 295 297 298 310 321 322 339 359 360 363 365 377 380 418 433 438 441 463
123 123 75
124 124
125 125 174 217 342
126 126 59 133 308
127 127 5 132 388 430
128 128 398 457
129 129 194 283 323 440
130 130 203
131 131 15 20 61 215 233 244 246 281 291 302 324 345 361 382 446
132 132 42 181 182 228
133 133 13 25 27 30 68 69 72 74 90 97 117 146 152 154 158 160 161 165 186 187 209 222 243 261 293 298 342 346 349 355 367 368 371 384 392 398 400 406 410 412 457 458
134 134 82 169 319 428 437
135 135 13 25 30 45 75 76 93 132 141 214 240 243 283 295 312 314 340 343 366 373 389 418 441
136 136 438
137 137
138 138 18 29 34 74 90 104 135 167 323 347 377 384 444
139 139 57 275 293 421
140 140 352 392
141 141 21 31 57 131 139 151 160 214 245 274 276 283 289 294 295 337 379 427 457 459
142 142 8 12 23 43 65 71 79 98 120 163 186 198 200 208 214 244 281 283 318 339 342 351 369 373 375 405 414 431 432 441 457
143 143 25
144 144 10 165 243 273 289 345
145 145 257
146 146 151 208
147 147 3 30 200 272 277 316 339 371 411 438 463
148 148 135
149 149 16 95 370
150 150
151 151 3 17 32 106 168 169 184 185 273 292 349 376 453
152 152 7 12 45 218 308 444
153 153 97 135 151 240
154 154 141 142 356
155 155 9 22 36 37 39 42 45 59 71 74 77 87 95 116 117 124 150 158 171 177 184 188 192 193 234 237 239 243 245 253 255 278 281 286 288 313 314 316 322 333 349 357 359 365 372 373 375 379 383 385 391 405 416 417 432 445 448 449 453 456
156 156 46
157 157
158 158 46 223
159 159
160 160
161 161 15 22 47 54 63 65 71 77 80 83 121 136 148 152 164 178 207 219 220 240 247 292 307 320 322 326 344 363 365 371 381 397 417 453
162 162 46 304 377 449
163 163 352
164 164 38 41 49 52 62 77 80 88 118 157 189 218 257 258 275 277 287 315 319 337 341 343 351 361 373 379 400 420 425
165 165 307
166 166 205
167 167 93 343 385
168 168 2 20 49 55 58 93 110 111 115 144 149 183 184 191 201 212 224 240 256 257 302 350 370 372 389 425 433 435 448
169 169 2 44 89 320
170 170 12 34 54 167 346
171 171 21
172 172 227 244 312 353 395 430 442
173 173 55 60 89 90 101 102 114 130 167 222 247 300 311 317 328 355 397 415 455
174 174 9 12 27 43 81 133 144 210 220 230 281 283 299 303 323 339 362 411 419 420
175 175
176 176 53 330 436
177 177 117 178 405
178 178 30 113 140 226 354 375 451
179 179 61
180 180 10 70 90 100 140 188 195 202 249 309 361 397 460
181 181 358 416 446
182 182
183 183
184 184 109
185 185 8 28 63 72 133 142 143 153 160 167 173 205 246 290 291 303 328 329 355 356 364 381 387 394 399 410 411 414 431 433 452
186 186 47 69 72 101 161 261 294 346 458
187 187 256 304 337 350
188 188 0 5 18 24 31 38 61 88 91 101 121 122 127 128 140 150 177 181 182 207 234 236 260 264 286 301 306 310 316 334 355 384 389 390 400 414 417 429
189 189 38 328
190 190 18 77 84 222 230 239 275 298 394 412 457
191 191 15 86 91 183 224 231 242 244 259 266 271 376 388 428
192 192 23 75 86 110 123 127 135 161 219 227 241 261 268 300 323 356 365 386 418
193 193 8 22 204 273 275 446
194 194 404
195 195 251 262 311 403
196 196 165 286
197 197 50 72 132 193 232 254 295 298 311 316 323 325 336 372 379 385 441 442 450
198 198 82
199 199 1 54 90 131 175 212 243 259 262 354 377 396 425 461
200 200 406
201 201 158 416
202 202 5 42 43 59 68 69 72 78 114 160 185 191 193 246 303 306 309 350 357 364 435 441
203 203 91 98
204 204 8
205 205 10 35 167 226 309 310 338 347 362 408
206 206
207 207 15 51 102 121 158 178 222 226 426 436
208 208 10 11 20 21 32 35 55 109 156 168 183 188 201 204 210 223 352 370 424 447
209 209 75 231 261 270 286 353 404 430
210 210
211 211 27 66 69 86 116 131 136 160 198 232 244 249 254 256 285 289 298 308 327 344 346 364 411 414
212 212 26 220 278
213 213 59 217 274 418 447
214 214 15 114 131 223 231 232
215 215
216 216 68 112 132 165 191 202 250 309 331 345 363 398 402 411 412 455 462
217 217 24 38 185 390
218 218 0 6 10 11 12 42 46 51 63 67 107 116 122 150 154 175 185 193 220 222 224 242 245 246 255 282 292 293 296 304 324 351 361 375 376 391 398 402 421 430 437 446
219 219 76 268 305 340 464
220 220 14 25 162 291 368 405 430
221 221 57 238 408 427
222 222 94 145 182 327 423 438
223 223 5 19 67 124 328
224 224 2 3 12 13 19 26 30 32 33 40 42 44 48 49 51 52 58 60 61 66 68 70 71 72 76 77 78 80 85 89 90 92 97 105 112 113 115 120 121 125 128 129 131 134 136 146 150 151 157 160 163 164 170 173 177 184 186 194 195 198 200 202 203 208 214 215 217 220 230 232 233 235 236 238 239 242 243 244 247 250 253 255 256 265 272 274 279 281 284 292 293 298 303 309 311 313 315 317 319 323 331 334 335 336 341 342 344 346 347 351 354 357 368 373 375 376 377 378 391 393 394 397 398 402 405 409 411 413 415 419 426 432 433 435 440 441 444 445 447 449 456 458 461 462 463 464
225 225 32 50 107 117 126 133 134 136 141 144 150 158 188 210 227 233 235 268 325 334 338 354 392 398 400 406 419 426 432 442 445 453 462
226 226 113 223
227 227 31 271 322 346 361 363 388 412 457
228 228 29 60 78 107 109 117 132 136 152 154 159 180 189 196 216 217 218 233 236 254 263 281 283 289 293 299 340 343 344 347 351 355 356 363 364 386 392 397 400 411 421 426 431 440 454 462 463
229 229 14 29 438
230 230 83
231 231 0 124 321 330
232 232 9 51 64 75 79 100 108 113 123 135 137 144 160 162 195 197 199 202 223 238 241 264 361 366 385 423 446
233 233 12 98 285 350 366 419
234 234 83
235 235
236 236 97 117 153 375
237 237 9 14 15 22 30 36 37 38 39 49 55 56 64 71 82 96 104 120 122 124 134 146 154 167 169 177 180 207 212 218 222 228 233 241 245 248 255 261 265 287 293 304 310 313 314 320 322 324 329 333 353 359 369 379 391 400 417 428 430 437 453 454
238 238 213
239 239
240 240 10 15 181 263 358
241 241 113
242 242 120
243 243 80 83 106 192 388
244 244 56 60 67 90 92 97 178 202 210 236 238 250 281 302 309 311 368 417 419 452
245 245 34 155 209 250 281 388 424 452 456
246 246 69 214 216 284 295 343 370 400 429 434
247 247 19 76 138 328
248 248 69 109 125 134 147 148 157 202 249 253 290 336 341 350 375 381
249 249 318
250 250 11 188 237 269 296 350 354 358 361
251 251 21 44 57 68 69 76 139 146 147 157 178 187 254 331 333 338 397 427 444 459
252 252 138 332 381
253 253
254 254
255 255 2 27 43 66 89 129 130 147 167 170 174 350 356
256 256 6 21 61 69 184 230 268 276 457 460
257 257 10 73 96 106 383 420 454
258 258 276
259 259 79 207 355
260 260
261 261 1 6 10 13 15 16 17 65 70 79 82 110 115 122 149 153 166 168 180 185 196 201 212 215 224 244 266 273 296 302 304 324 361 376 405 417 425 430 433 437 441 446 447
262 262 9 19 43 59 68 69 76 87 90 93 101 112 127 141 151 157 174 191 202 217 252 267 270 274 285 291 295 297 298 303 305 308 311 317 319 329 341 343 347 350 357 360 368 371 397 405 411 416 426 431 437 451 452 454 455 456 458
263 263 239 276 305 362 431
264 264 275
265 265 152
266 266 25 251 434
267 267 231 322
268 268 101 424 435
269 269 2 71 94 101 187 217 239 257 275 288 290 295 376 395 436 440
270 270 195 303 309 449 453
271 271 303
272 272 282 429
273 273 4 59 97 101 103 121 124 143 147 158 182 206 216 226 237 280 289 309 323 343 384 408 415 428 434
274 274 11 31 389
275 275 17 39 41 49 79 92 96 111 115 131 250 257 261 285 301 316 368 375 384 420 428 435 457
276 276 13 53 100 240 258 298 312 346 435 442 459
277 277
278 278 72 91 105 128 195 272 275 413
279 279 4 33 152
280 280 31 37 80 95 130 140 158 182 204 219 264 266 316 327 357 371 372 387 398
281 281 162
282 282 4 62 190 288 364
283 283 5 106 173 174 186 193 202 208 305 311 326 342 356 367 368 431 458
284 284 2 185 308
285 285 12 19 35 57 100 128 136 200 281 427 460
286 286 87
287 287 14 21 37 57 62 113 237 265 323 338 365 416 427 431 462
288 288 97 145 147 176 212 220 253 273 282 291 328 329 443 457 461
289 289 294
290 290 27 30 47 50 63 68 69 125 142 150 160 173 193 276 283 298 303 346 353 371 438 441 442 447
291 291
292 292 43 68 88 89 90 103 133 136 173 264 266 283 290 303 323 342 354 355 377 400 413 458
293 293 43 284
294 294 12 50 62 72 79 89 101 120 130 136 157 160 162 170 176 203 243 244 251 252 336 364 373 389 403 429 441 449
295 295 30 52 85 163 170 214 244 350 389 432
296 296 55 64 114 147 168 169 172 185 197 204 249 255 261 265 266 275 290 302 307 310 313 329 341 347 365 374 388 397 401 404 406 416 423 425 459
297 297 361
298 298 1 2 20 41 55 127 201 308 353
299 299
300 300 69 71 203 214 239 240 274 276 299 375
301 301 18 47 83 176 221 253 268 397
302 302 63 65 107 459
303 303 7 171 206 236 257 296 302 304 331 335 338 348 378 404
304 304 30 74 345 367 374
305 305 74 256
306 306 43 112 117 128 175 181 245 303 328 336 403 452
307 307 13 59 62 68 74 90 133 161 173 186 288 394 411 439 444 457
308 308
309 309 2 21 51 57 65 76 109 111 150 164 166 180 181 186 188 206 213 225 232 234 246 279 288 316 323 339 348 351 411 431
310 310 7 23 26 35 40 53 74 77 121 129 132 144 196 215 267 278 292 311 314 417 419 432 440 448 456
311 311
312 312 79 428
313 313 80 108 214 264 338
314 314
315 315 70
316 316 366
317 317 24 38
318 318 125 152 159 236 458
319 319 151 248 292 337 346 398 420 448
320 320 13 18 28 69 72 84 107 114 123 130 134 138 139 147 153 154 156 163 170 174 179 183 198 206 214 240 241 243 252 254 271 274 289 295 297 298 305 306 307 308 312 317 331 340 350 354 378 383 388 394 395 409 411 419 420 424 427 435 438 451 460 461 463
321 321 25 74 108 122 386
322 322 388
323 323 12 13 29 36 42 44 47 63 67 79 89 91 97 107 117 122 128 129 130 131 146 151 153 154 163 164 170 171 174 177 186 187 208 214 237 243 247 250 251 258 265 280 292 293 294 300 306 311 331 334 335 337 342 346 359 373 390 392 395 398 400 401 407 410 413 417 419 421 431 435 441 451 453 454 461
324 324 136 193 215 247 251 369
325 325
326 326 60 74 103 146 356
327 327 8 67 124 248 286 373 451
328 328
329 329 123 181 226 241 321 357
330 330 20 58 69 76 78 103 130 134 146 151 156 163 173 174 214 267 274 276 300 305 349 373 427 447 459
331 331 44
332 332 114
333 333 43 44 56 181 289 292 414 429
334 334 96 119 375
335 335 327
336 336 122 223 371
337 337 446
338 338 102 318
339 339 34 47 100
340 340 3 45 112 124 162 271 325 345 371 378
341 341 208 267 410
342 342 67 84 164 167 171 191 204 245 290 292 360 384 449
343 343 64 262 396 423
344 344
345 345 20 27 29 43 79 111 135 169 185 224 263 350 376 401 402 425 437
346 346 27 34 43 44 66 68 69 72 78 86 89 117 118 122 130 145 163 169 170 191 192 202 214 224 248 260 263 274 276 284 295 300 301 302 303 309 310 317 350 351 359 362 364 394 397 398 404 411 435
347 347
348 348 57 68 109 191
349 349 29 47 97 374
350 350 3 5 15 16 20 23 24 30 31 40 57 60 64 72 79 81 84 91 96 98 103 110 111 125 130 135 136 137 140 144 152 158 159 164 166 172 173 178 179 184 185 189 190 198 200 202 203 208 209 215 220 229 243 245 251 252 256 257 258 265 272 275 277 279 280 283 285 292 298 302 307 310 313 316 317 322 323 328 339 343 348 351 361 362 363 371 378 379 380 381 382 386 395 397 398 403 409 411 413 417 420 425 427 433 435 438 445 448 450 459 460 461 463 464
351 351 458
352 352 8 11 13 17 53 55 105 142 168 185 188 224 245 256 257 269 289 302 304 358 446
353 353 30 250 462
354 354 10 11 53 62 89 96 122 129 196 216 337 364 394 396 454
355 355
356 356 0 39 71 72 75 85 86 88 107 116 151 161 165 191 193 195 200 202 203 216 217 225 226 236 246 254 284 289 292 293 298 328 336 350 360 364 368 421 426 428 433 442 443 445 456
357 357 388
358 358 44 117 128 160 191 208 222 293 364 366 385 392 449
359 359 142 272
360 360 93 149
361 361 21 57 86 93 107 112 114 115 142 154 198 235 252 254 260 271 290 298 317 351 378 391 407 421 426 455 456
362 362
363 363 454
364 364 2 7 18 21 25 30 32 33 38 40 41 42 43 44 48 57 58 63 66 67 69 74 82 87 89 92 93 97 105 107 110 114 117 120 124 125 126 128 129 136 139 143 150 151 154 164 165 166 167 170 173 177 180 186 187 191 192 197 202 206 217 225 226 231 235 236 238 240 242 246 253 254 255 259 261 277 278 282 283 286 291 293 295 297 298 300 307 310 315 316 321 323 324 325 326 327 330 335 342 347 350 351 355 357 363 365 367 378 391 392 394 398 400 407 410 411 412 415 418 419 421 427 431 432 433 439 441 444 450 452 454 457 459 460 464
365 365 50 336 350 442
366 366 1 7 10 17 20 31 111 113 131 141 169 178 179 183 185 198 204 212 219 224 237 256 266 267 275 302 304 323 334 337 350 354 370 376 388 390 397 399 406 407 420 425 434 461
367 367 40 70 82 96 98 102 148 168 187 196 225 273 287 299 318 378 404 439
368 368 369 430
369 369 6 294
370 370 10 24 35 37 57 66 77 141 171 183 191 205 206 207 212 273 280 290 318 320 324 351 383 384 388 407
371 371
372 372 177 209 333
373 373 323
374 374 118 237 396 424
375 375
376 376 161
377 377
378 378 272 285 350 434
379 379 240
380 380 11 186
381 381 26 65 75 365 395
382 382 141
383 383 397 431
384 384 19 74 218 360 366 367 390 416
385 385 163 301 305
386 386 5
387 387
388 388
389 389 5 11 30 39 44 49 63 69 71 72 78 79 85 93 95 96 97 99 107 117 130 131 134 140 141 147 151 154 157 160 161 165 170 174 181 186 201 202 203 212 217 235 238 240 244 246 250 251 252 254 266 274 276 280 282 283 294 298 303 309 310 311 312 323 329 341 342 346 350 366 368 369 375 379 381 384 394 395 399 400 411 417 421 432 440 451 452 455 456 458 459
390 390 14 53 187 205 248 264 362 399 436 456
391 391 14 279
392 392 434
393 393 326 327
394 394 70 92 128 151 233 243 324 434
395 395 321 377
396 396 35 53 252 266 290 446
397 397 33 70 342 401 431
398 398 17 91 321 361 389
399 399 358 392 407
400 400 22 44 76 83 144 197 265 298 398 409 411 453 464
401 401 44 71 77 80 126 142 165 178 217 233 234 240 244 320 323 347 431 459
402 402 325
403 403 7 462
404 404 9 20 22 35 37 83 87 100 111 118 224 257 290 291 301 302 306 313 376 431 453
405 405
406 406 2 12 23 30 33 37 44 65 66 71 76 82 88 89 90 92 93 97 103 112 116 117 119 120 127 130 134 136 159 165 173 178 184 202 215 217 220 226 230 233 239 241 246 250 253 254 255 263 281 284 292 293 297 298 300 305 309 310 311 317 325 326 339 347 356 363 368 375 378 386 398 399 410 417 426 438 452 455 456 463 464
407 407
408 408 147 164 243 259 384 436
409 409
410 410 0 6 22 37 40 42 52 61 71 73 78 87 103 120 122 127 151 167 178 181 233 250 255 260 278 281 313 331 343 347 349 365 372 404 409 418 451 453 462
411 411 21 57 95 139 201 324 384 420
412 412 11 15 16 22 37 40 42 60 69 71 83 87 89 121 143 145 168 177 178 184 186 215 220 231 245 273 322 389 399 410 417 419 430 449 453 454
413 413
414 414 195
415 415
416 416 423
417 417
418 418 51 272
419 419 36 243 311 325
420 420 44 66
421 421 196
422 422 2 3 4 14 17 20 29 32 38 43 55 58 64 67 68 78 84 85 103 106 112 115 120 127 131 134 140 143 159 160 163 183 185 191 192 197 202 210 212 214 224 244 257 263 295 297 302 303 304 305 317 324 328 330 343 350 360 382 386 392 408 409 411 413 425 454 461 464
423 423
424 424 30 51 63 70 110 132 159 161 188 205 219 304 317 340 347 354 357 363 389 394 435 463
425 425 33 40 73 85 92 136 242 266 271 281 292 382 423 433 435 464
426 426
427 427 101 109 125 144 154 247 328 331 400 446
428 428 0 12 19 27 30 37 44 54 83 87 90 122 127 130 134 141 144 160 161 163 165 187 199 200 203 209 216 238 243 250 254 263 280 283 287 306 310 312 314 334 335 336 346 347 366 381 400 406 415 421 440 449
429 429 99 261
430 430 374
431 431 13 50 227 237 312 336
432 432 9 14 33 56 108 229 241 262 290 294 304 313 327 396
433 433 118
434 434 0 11 17 20 28 30 31 34 39 46 47 51 55 56 60 61 65 66 72 85 93 98 103 108 111 115 120 121 122 125 127 129 130 133 134 150 153 160 166 167 168 171 179 180 181 184 185 186 188 193 196 200 204 207 212 213 217 219 220 234 236 237 239 243 245 250 251 253 254 255 256 263 265 266 267 268 272 279 280 281 289 291 292 298 299 301 304 306 309 310 311 313 315 316 317 318 319 320 323 327 329 331 334 336 338 345 351 353 354 356 357 360 372 373 375 376 380 385 389 393 394 403 406 408 409 420 422 425 428 430 432 433 435 436 445 446 447 449 450 452 461 464
435 435 18 25 27 29 43 44 45 63 66 71 106 112 123 128 134 136 151 161 165 170 174 186 210 233 240 244 248 254 274 281 291 295 324 326 328 340 342 344 345 346 350 369 382 390 399 410 412 444 451 455 458
436 436 122 193 272 334 381 408
437 437 7 12 20 21 39 57 69 89 93 111 147 178 179 183 201 212 224 256 257 274 276 277 279 344 347 368 376 425 427 460
438 438 292 436
439 439 136
440 440 383
441 441 20 30 44 74 79 83 151 170 174 184 216 240 244 252 302 329 335 350 366 373 378 412 425 451 452 457
442 442 5 17 67 68 74 78 79 275 350 364 451 458 461
443 443 28 45 46 53 120 166 181 236 246 254 259 269 298 307 378 389 406 429 433 445
444 444 227 249 353
445 445 388 450 460
446 446 4 6 135 194 333
447 447 58 103 176 201 226 230 253 263 386
448 448 60 66 105 109 175 198 289 350 380 424 431
449 449 51 260 262 352 370 400
450 450 246
451 451 201 423
452 452 2 14 20 21 26 27 28 30 44 49 51 52 55 57 58 65 69 73 78 84 85 86 88 90 91 92 107 111 115 116 117 120 125 127 131 136 139 147 151 153 154 156 160 164 173 174 178 179 180 187 194 195 200 201 206 207 212 221 228 235 236 239 240 242 246 248 253 254 255 256 260 263 274 276 277 278 280 283 289 292 293 294 298 301 302 304 305 306 318 320 328 342 346 348 356 357 360 369 375 376 387 388 390 391 392 398 399 400 406 407 412 413 421 427 430 433 435 447 454 460 461
453 453
454 454 21 37 52 57 69 117 120 129 163 213 232 256 274 281 301 303 314 315 339 351 388
455 455
456 456 122 140 155 229
457 457 0 28 34 36 55 61 67 70 90 107 111 115 116 117 120 121 127 150 155 169 183 185 188 203 212 224 230 239 248 250 254 256 270 275 278 287 289 290 292 297 298 302 311 316 337 352 356 357 378 385 397 405 406 409 414 425 432 438 440 450 456
458 458 17 58 146 184 198 221 237 245 253 310 339 348 356 436 449
459 459 302 342
460 460
461 461 369 411
462 462 42 53 114 196 252 307 331 359 362 375
463 463 66
464 464 273
