#causal_discovery_pcmci.py data/latest_sp500_return_80.csv 3 latest_sp500 pcmci
# GMT Sun Sep 29 12:40:18 2024
# 
0 0
1 1 50 411
2 2 72 222 227 373 380 382 387 441 455
3 3 40
4 4 197 329 358 404
5 5 12 34 57 66 154 341 344 387 431
6 6 209 210 294 333
7 7 181 223 243
8 8 17 20 33 38 41 73 110 118 169 206 207 212 223 224 225 247 283 288 297 304 313 323 326 333 354 378 383 388 407 416 423
9 9
10 10 13 19 80 147 174 232 252 259 289 342 350 367 411
11 11 16 17 20 98 108 111 130 151 156 179 196 201 213 296 304 308 318 320 331 358 359 361 362 363 376 408 422 430
12 12 19 30 47 114 127 160 193 217 238 247 254 261 298 342 347 361 366 369 394 411 435 450 452
13 13 6 14 15 17 24 28 31 35 36 37 39 42 53 55 73 91 95 97 100 101 111 114 129 132 142 144 147 151 171 174 177 182 183 185 188 198 204 205 208 212 213 215 220 221 234 240 249 256 257 266 268 273 294 301 302 304 316 320 324 328 329 333 337 339 340 348 349 359 369 375 377 379 380 383 384 387 388 390 413 420 428 434 435 459 460
14 14 308
15 15
16 16 91 354
17 17 23 30 31 43 47 50 54 62 66 67 71 72 83 84 85 91 97 101 120 128 129 133 140 150 170 175 177 184 185 193 200 203 208 212 216 243 245 250 253 256 272 275 284 289 304 306 307 310 318 336 337 338 344 349 351 357 379 380 383 384 394 396 397 398 402 420 426 432 435 437 439 440 445 447 453 459 461
18 18 60 181 249 320
19 19 163
20 20 3 19 33 49 50 52 89 101 115 130 132 170 195 233 250 262 272 279 281 299 311 317 341 344 405 413 419 449 452
21 21 79 80 90 146 154 174 222 244 254 281 293 298 342 350 368 369 373 390 391 400 401 412 421 445 459
22 22
23 23 6 37 59 65 108 141 242 299 397 444
24 24 121 160 236 378 431 447 455
25 25 62 163 188 198 274 288
26 26 73
27 27 20 380 425
28 28 9 14 18 33 34 43 47 76 77 112 113 120 121 124 134 152 154 156 159 167 172 178 180 210 215 217 220 231 249 258 271 279 282 288 289 294 315 316 317 328 335 382 385 398 415 443 463 464
29 29 191
30 30 36 278 454 460
31 31 36 234 239 319 391
32 32 0 84 91 105 116 144 155 239 246 249 254 293 309 310 314 377 379 392 414 424
33 33 91
34 34 108 126 186 218
35 35 0 61 79 227 273 373 434
36 36 42 151 390
37 37 0 268 387
38 38
39 39 1 6 9 16 22 33 34 45 47 48 56 63 64 81 87 105 110 115 123 128 129 184 194 195 199 206 207 211 213 234 241 258 278 285 313 318 322 339 340 355 365 371 407 408 422 424 432 438 442 463
40 40
41 41 230 307 351 369 414
42 42 99 129 164 185 387
43 43 13 46 72 146 177 226 227 342 441
44 44
45 45
46 46 18 22 25 28 34 36 40 47 56 59 60 62 64 67 77 120 121 123 124 127 129 130 147 166 172 174 182 195 197 200 202 203 216 219 221 226 246 247 248 263 278 284 289 296 299 300 305 309 317 324 325 327 344 347 351 355 356 357 365 371 385 396 399 400 405 414 415 421 432 438 443 450 456 458 463
47 47 179 187 212 236 237 277 301 302 304 306 354 435 460
48 48
49 49 359 364 434
50 50 79 183 257
51 51 157 225
52 52 57 89 147 151 174 238 277 338 350 435 444 458
53 53 35 38 52 73 79 85 102 106 121 125 128 136 141 145 154 157 223 235 245 254 255 292 298 355 357 361 376 377 392 423 447 450 452 458 459
54 54 0 6 32 65 82 144 213 216 229 304 308 329 359 362 370 388 402
55 55 232 243
56 56
57 57 10 74 236 370
58 58 137
59 59 122 155 203 301
60 60 18 102 141 146 292 407
61 61 8
62 62 2 5 12 15 26 28 30 32 36 40 42 45 48 52 54 56 60 61 65 70 79 83 85 88 92 94 95 103 105 107 110 114 117 123 124 128 131 134 137 140 144 146 151 159 161 164 165 167 170 177 183 192 193 197 203 204 206 208 210 215 221 230 231 235 238 241 244 246 248 250 253 254 255 258 259 261 264 266 268 271 272 279 284 293 297 298 311 313 314 315 317 328 329 334 347 360 363 372 379 380 385 386 387 388 390 391 392 393 399 400 407 412 413 415 418 419 421 432 433 447 453 455 456 463 464
63 63 43 46 274
64 64 111 273
65 65
66 66 83 138
67 67 8
68 68 12 15 19 21 50 57 76 89 92 113 119 121 139 147 158 172 182 187 214 230 236 259 277 284 295 300 322 323 328 350 354 378 407 410 419 435 451
69 69 17 251 342
70 70 59 189 209 271 315 343 406
71 71 105
72 72 130 132 166 268 300 324 346 369 371 450 454
73 73
74 74 103 211 265 299 444
75 75 210 367
76 76 182
77 77 176
78 78 4 12 15 17 18 20 24 28 31 36 38 39 48 54 55 56 61 63 81 83 111 120 123 126 133 137 143 144 145 167 169 176 178 179 181 183 192 195 197 201 203 204 206 210 212 218 220 224 231 241 247 256 261 266 267 272 273 275 287 302 304 313 316 326 333 340 359 362 377 385 393 396 399 409 413 420 425 430 439 453
79 79 6 8 10 29 31 32 34 41 42 44 45 55 59 65 69 71 88 95 98 107 118 122 131 133 134 137 150 153 156 158 160 165 169 171 183 187 192 194 196 201 205 206 210 214 217 221 224 225 240 245 246 247 257 260 264 266 271 274 276 280 287 290 295 298 299 302 303 308 313 319 325 328 329 345 354 356 357 359 363 372 376 386 387 393 398 409 419 424 432 437 440 445 451 454 455 456 461 464
80 80
81 81
82 82 75 226
83 83 165 286 440
84 84 143
85 85 15 48 73 84 91 211 261 413 454
86 86 418
87 87 117 166
88 88 183 185 198 223 256 257 269 428
89 89 173 216 221 342 411 427 460
90 90 2 18 33 65 121 147 164 178 200 217 226 231 234 259 274 281 292 323 325 339 348 354 357 364 378 437 443 450 459
91 91 55 97 240 294 443
92 92 199
93 93 267 363
94 94 199
95 95 219
96 96 17 26 122 124 184 208 220 272 306 314 323 355 436
97 97 3 4 9 14 24 29 30 31 32 35 36 38 44 47 51 56 58 61 62 63 64 65 71 76 80 81 85 88 93 100 101 102 112 113 114 115 116 120 121 125 127 128 131 136 137 145 146 148 151 153 157 159 162 164 166 167 168 170 172 178 179 180 183 189 192 194 195 196 197 200 203 204 205 206 209 217 218 222 229 230 231 233 234 235 242 244 247 248 250 251 256 258 268 271 274 276 277 278 281 284 292 293 296 299 302 305 307 308 311 313 315 316 319 322 326 327 333 341 345 347 352 357 360 366 368 369 371 372 374 378 382 383 385 387 390 393 394 395 397 399 401 402 405 407 412 414 415 419 425 428 429 430 437 438 439 440 453 454 455 456 457 459 463
98 98 68 142 178 191 225 285 307
99 99 23 27 30 44 49 54 66 69 78 89 90 92 127 129 130 131 134 139 145 146 151 160 161 164 165 186 200 202 203 216 217 233 234 260 263 272 276 298 303 311 326 327 342 346 347 360 364 368 375 379 390 394 397 398 412 413 419 451 461
100 100 5 43 53 68 78 79 84 103 151 163 174 216 257 263 303 333 343 350 356 364
101 101 332
102 102 143
103 103 282
104 104 13 294
105 105 7 75 97 280 301 306 460
106 106 102 162 282 319 349 411 437
107 107 98 234
108 108 220 384 436
109 109 8 89 90 174
110 110 34 96
111 111 23 44 48 60 92 97 112 215 233 252 253 297 310 311 325 364 394 417 434 440 461 462
112 112 33 59 78 202 303
113 113 182
114 114 52 113 158 178 181 368 449
115 115 25 94 363
116 116
117 117 104 178 246 353
118 118 22 99 156 170 309 343
119 119 20 31 53 96 99 145 349 446
120 120 25 70 91 104 182 195 266 393
121 121 1 12 38 42 67 114 164 221 261 266 360 380 393 423 451
122 122 36 55 72 119 138 141 143 295 321 329 360 380
123 123
124 124 209 223
125 125 31 92 174 216 298 342
126 126 18 133 339
127 127 5 91 232 269 393
128 128 50 186 214 227 257 409 430 445 457
129 129 2 28 122 135 188 240 263 320 323 361 440
130 130 124 439
131 131 10 15 61 128 153 167 215 233 235 244 246 266 281 320 324 345 361 376 417 425 439 446
132 132 88 159 228 379
133 133 2 5 13 21 23 26 27 30 49 54 57 69 87 90 97 105 118 125 139 140 146 154 161 165 178 186 209 238 253 283 285 295 298 335 342 346 347 348 349 354 381 384 406 410 427 443 444 451 457
134 134 437
135 135 43 45 75 93 99 109 153 193 214 260 278 295 314 335 340 343 366 375 406 415 441
136 136
137 137
138 138 16 18 29 45 74 97 104 129 141 380 384 406 423
139 139 24 31 111 151 154 200 251 277 391 398 421 451
140 140 199 352
141 141 1 21 27 60 69 91 131 151 160 193 214 274 276 277 279 295 377 427 457 459
142 142 8 14 23 42 65 71 79 89 98 117 120 121 163 181 186 187 193 198 200 214 225 243 244 278 295 297 334 339 342 351 367 369 373 375 383 405 406 414 417 421 431 432 457
143 143 25
144 144 10 24 54 100 243 273 408 428
145 145
146 146 151 212 266 354 435
147 147 3 30 64 159 208 251 273 371
148 148 135
149 149 16 53 225 286
150 150 269
151 151 1 11 17 32 168 169 184 185 273 292 296 349 376
152 152 80 190 218 288 444
153 153 20 55 111 166 212 260 294 309 398 412
154 154
155 155 3 17 19 36 37 59 60 71 76 87 116 117 192 193 243 245 253 255 278 288 316 349 359 365 372 383 391 405 448 449 453
156 156
157 157
158 158 439
159 159
160 160 104 363
161 161 15 22 45 47 54 63 77 80 83 140 148 152 178 209 220 240 247 261 292 307 320 326 330 363 365 371 379 389 439 453
162 162 74 215 231 377 417 449
163 163 186 352 364
164 164 38 52 88 145 218 275 295 315 341
165 165 389
166 166 55 167 205 229 277 292 375 425 440
167 167 65 84 225 229 322 343 390 424
168 168 20 49 58 93 98 111 114 144 183 201 224 240 245 250 257 271 308 310 350 370 389 401 409 425 435 437 438 439 455
169 169 2 60 74 99 108 155 173 239 320 364 378 398 405 436
170 170 346
171 171 21 102 103 189 213 277 304
172 172 135 146 152 156 227 244 312 442
173 173 10 102 130 207 222 247 328 349 357 397 415
174 174 23 27 43 57 67 81 114 135 144 198 210 220 230 275 279 283 292 302 309 310 335 339 381 402 403 409 411 435 438 464
175 175 140 272
176 176 53 69 141 315 330
177 177 86 171 405 431
178 178 91 144 186 363 438
179 179
180 180 10 70 90 91 98 113 127 144 188 195 202 249 266 294 393 397 427 439
181 181 2 10 14 81 101 148 168 374 424 436 446
182 182
183 183 158 176 262 338 340 363 445
184 184 240
185 185 0 8 16 34 42 52 63 67 109 116 126 140 142 153 159 160 167 187 248 251 274 278 290 291 302 328 345 346 355 356 364 366 387 388 399 406 410 431 433 438 452 454
186 186 42 47 66 69 72 89 94 101 127 161 239 261 285 289 305 312 346 354 373 378 407 410 451
187 187 380
188 188 0 18 26 39 46 61 115 121 122 125 126 127 128 160 168 177 182 234 236 250 260 264 273 281 306 319 324 338 363 384 389 403 414 417 433 463
189 189 38 55 326 422
190 190 8 18 28 196 230 394 412 457
191 191 368 442
192 192 23 29 36 86 123 124 161 165 219 222 241 261 323 326 365 418 448 450 453 457
193 193 22 155 204 212 229 269 270 273 275 296 304 354 361 420 422
194 194
195 195 270 403
196 196 286
197 197 232 370 442
198 198
199 199 1 63 90 102 175 212 243 396 399
200 200 153 409 438
201 201
202 202 19 43 59 62 68 69 72 78 79 106 118 130 188 191 272 303 309 349 350 357 361 364 435
203 203 91 144
204 204
205 205 191 202 362 408
206 206 200
207 207 121 158 222 363 383 426 438
208 208 0 10 11 17 20 35 109 111 156 188 273 296 304 318 333 357 383 406 408
209 209 75 172 282 308 343 356
210 210 365
211 211 13 19 27 31 69 86 101 116 121 131 136 151 160 198 210 233 240 244 254 256 285 289 298 305 311 344 346 364 411 414 420 426 440 445 456
212 212 416
213 213 69 158 211 274 276 401 411
214 214 6 81 114 119 195 223 225 231 393 399 418
215 215
216 216 23 67 68 77 86 90 93 112 153 165 167 191 196 200 202 239 249 250 270 303 309 331 334 360 363 368 380 398 402 406 411 412 417 426 438 455 458 459 462
217 217
218 218 6 10 17 28 47 51 67 109 117 122 154 167 169 185 187 193 220 222 224 235 242 246 248 279 282 292 293 296 304 306 319 327 333 351 376 397 398 402 408 421 430 432 437 440 446
219 219 76 102 112 113 125 138 191 209 215 233 268 272 305 329 340 343 356 387 394 409 426 464
220 220 25 80 152 162 332 436
221 221 28 90 247 427
222 222 145 182 247 296 326 327 423
223 223 5 124
224 224 2 5 12 13 19 23 26 27 30 32 33 37 40 44 45 47 48 49 51 52 54 57 58 60 61 66 68 70 71 72 76 78 84 85 87 89 90 92 93 97 98 101 103 105 107 110 112 115 117 120 125 127 129 130 131 134 136 141 148 151 157 160 163 166 170 173 177 180 181 184 186 193 194 195 197 198 200 201 202 203 204 207 208 214 217 226 227 230 231 232 233 235 236 238 239 242 243 245 246 247 250 252 253 255 265 268 272 274 279 281 284 292 297 298 300 303 305 309 310 311 313 314 315 317 323 325 331 334 335 336 338 339 341 342 344 346 347 348 351 357 364 368 372 373 375 376 378 379 385 386 392 393 394 397 398 399 405 409 411 413 415 417 419 426 429 431 432 433 435 436 440 441 442 444 445 447 449 455 456 459 461 462 464
225 225 28 32 50 51 71 107 126 136 141 144 150 163 172 187 210 217 249 256 268 354 392 400 406 419 445 453 462
226 226 90 114 223
227 227 31 229 252 271 322 345 424
228 228 29 60 71 78 102 107 117 121 136 152 154 159 165 180 196 216 217 218 233 235 236 254 263 281 289 293 299 319 328 340 344 347 351 355 356 364 368 373 375 386 392 397 400 414 421 426 431 440 462
229 229 29 174 191 303 438
230 230 83 94
231 231 44 307 330
232 232 9 51 98 104 113 123 135 144 160 162 195 197 202 223 238 241 315 385 423 425 446
233 233 332 350 366
234 234 83 141 460
235 235
236 236 211
237 237 1 14 15 17 24 36 38 55 63 70 82 96 98 99 104 117 118 128 146 153 154 155 164 169 171 177 180 185 189 192 195 206 212 220 240 243 245 259 264 272 278 304 310 313 322 329 333 353 354 379 380 391 400 409 424 428 452
238 238 279 372 429
239 239
240 240 3 10 192 267 271 378
241 241
242 242 36 48 451 460
243 243 3 45 70 75 388
244 244 0 54 56 60 61 90 92 121 146 167 178 181 186 187 202 203 233 236 238 239 254 289 292 309 314 368 410 419 421
245 245 311 325 342 388
246 246 343 434
247 247 19 138 231 328
248 248 6 43 69 77 101 103 109 125 134 147 157 181 191 225 249 290 310 341
249 249 318 331 370
250 250 237 269 358 361 400
251 251 7 30 44 68 146 147 157 178 331 333 338 406 412 429
252 252 176 230 332 372 374 384
253 253
254 254 262 409 453 464
255 255 43 66 140 170 173 243
256 256 6 9 21 25 69 113 114 137 184 189 206 218 276 326 427
257 257 10 73 114 171 175 337 344 369 383 454
258 258 21 69 147 276 280 302 388 428 459
259 259 207 247 321 355 410
260 260 365
261 261 10 70 77 82 110 122 153 168 185 188 196 201 205 212 215 224 273 283 304 324 348 353 376 425 437 446 447
262 262 14 42 68 69 71 74 76 90 112 127 141 151 157 170 174 180 189 191 194 202 203 216 217 229 234 240 248 252 263 272 274 276 278 280 285 295 297 298 303 305 308 309 317 329 343 347 350 356 360 366 367 368 370 380 405 406 411 416 431 438 451 452 455 458 459 460
263 263 183 276 341 420
264 264 16 275 354
265 265 193
266 266
267 267 21 57 412 427 460
268 268 101 329 353 435
269 269 2 51 101 149 197 214 295 326 375 395 422 440
270 270 303
271 271 29 68 160 232 295 309 345
272 272
273 273 61 65 97 103 105 117 121 124 130 137 157 158 186 202 206 207 214 216 222 226 228 233 237 280 289 309 317 323 347 373 382 390 417 428 434 452
274 274 31 100 389 424
275 275 2 17 20 30 35 38 39 48 49 55 79 92 96 111 115 131 147 166 179 182 183 199 201 204 257 261 277 278 279 280 285 301 302 316 339 377 384 408 420 428 435 457 464
276 276 13 53 88 137 240 258 271 292 346 455 458
277 277 342 401
278 278 72 123 151 195 454
279 279 4 47 83 167 322 438 450
280 280 140 158 219 264 349 371 372 384
281 281
282 282 25 62 220 288 341 364
283 283 106 174 186 305 326 458
284 284 144
285 285 5 29 43 57 58 67 136 139 209 302 343 388 401
286 286 87 146 157 158 365 385
287 287 14 42 57 113 237 265 280 306 327 338 351 353 397 450
288 288 84 97 145 212 213 253 269 282 291 313 328 329 443 457 461
289 289 114 276 294
290 290 5 27 30 50 68 69 125 160 163 173 263 276 303 346 356 442 447
291 291
292 292 21 48 89 91 103 133 173 283 290 303 323 333 353 354 364
293 293 1 104 137 211 462
294 294 42 43 45 56 62 72 79 89 92 101 107 130 133 138 160 162 170 181 203 214 238 243 244 248 251 334 347 380 395 403 426 441 449
295 295 30 163 170 214 244 304 328 350 389
296 296 22 28 76 88 100 109 168 185 197 204 207 222 249 251 266 307 313 341 365 372 386 393 395 397 401 406 408 415 416 431 438 439
297 297
298 298 1 20 55 353
299 299 90 121
300 300 19 69 71 103 203 214 239 274 276 375 444
301 301
302 302 12 63 144 166 205 277 434
303 303 7 22 26 32 164 171 185 212 236 248 257 304 331 338 339 348 375 378 388 434 464
304 304 74 188 294 336 345 367 378
305 305 224 256 380
306 306 303 361 403
307 307 13 68 74 191 248 288 326 411 415 426 442 444 457
308 308
309 309 2 50 51 57 65 76 109 111 141 166 180 188 198 206 213 225 232 234 239 242 304 316 323 348 406 411 431 437 441
310 310 12 15 26 35 41 53 54 74 164 208 215 267 291 296 311 328 342 439 454
311 311
312 312 72 79 132 311
313 313 24 38 153 278 372 396
314 314
315 315 384
316 316 366
317 317 86 239 361
318 318 30 51 125 159 160 236 335
319 319 89 208 287 346 448 457
320 320 13 15 18 26 28 31 106 114 130 138 147 153 174 179 183 195 198 206 214 243 252 256 260 266 275 276 298 306 331 332 346 350 354 378 388 395 409 419 420 424 427 435 451 460 461
321 321 215 319
322 322 39 122
323 323 19 29 42 44 47 54 56 69 71 79 80 89 91 97 107 117 119 128 129 130 131 151 153 154 163 167 170 171 174 177 187 193 208 214 237 238 240 243 247 248 265 274 280 285 292 293 294 305 306 308 334 335 336 337 342 364 373 390 391 392 395 398 410 413 419 421 428 435 441 460 461
324 324 23 136 140 193 215 251 410 440
325 325
326 326 44 47 74 146 195 356
327 327 16 52 124 218 286 449 451 462
328 328
329 329 84 95 116 123 160 187 226 241 248 254 280 293 318 357 360 375 391 452
330 330 42 58 63 69 78 96 103 130 134 146 163 174 208 214 225 240 267 274 276 300 303 305 349 397 427 447 459
331 331 135
332 332 114
333 333 12 43 56 78 89 103 128 130 181 263 289 300 311 343 356 429
334 334 82 157
335 335
336 336 129 190 223 224 346 363 371
337 337 84 266 368 446
338 338 318
339 339 34 47 95 100 287 321 375
340 340 3 45 162 189 271 325 371 454
341 341 267 410
342 342 2 54 84 140 167 171 204 221 270 290 292 310 384 449
343 343 13 24 94
344 344 62
345 345 20 29 43 79 111 135 169 170 185 224 320 402 423 425 426
346 346 7 34 43 44 51 54 68 72 78 89 94 101 122 130 163 170 178 191 202 203 214 245 256 260 263 295 310 329 350 351 374 397 398 404 411 439
347 347 9 409 424 438 453 464
348 348 57 62 68 114 147 412
349 349 1 3 7 322 352
350 350 3 16 20 23 28 30 31 34 40 57 60 64 68 72 81 82 90 98 103 110 118 120 130 135 136 137 138 152 159 164 166 173 179 184 185 190 191 198 200 208 220 225 229 242 243 251 256 258 265 271 272 275 277 279 288 292 298 310 315 317 319 322 337 339 351 361 362 371 378 379 380 381 382 386 397 403 409 411 420 425 435 438 445 459 461 463
351 351 55 206 231 458
352 352 8 11 17 20 55 142 168 169 179 185 188 224 257 269 302 304 358 362 425 446 451
353 353 2 16 25 30 110 173 198 383
354 354 11 47 49 62 84 91 131 216 255 261 263 306 364 396 454
355 355 140
356 356 9 50 71 72 84 103 125 133 151 152 161 166 172 191 193 200 203 225 226 254 284 293 298 368 428 433 443 459
357 357 312 342
358 358 15 137 155 160 177 181 215 232 246 293 321 333 348 366 385 404 421
359 359 142
360 360
361 361 86 93 112 138 154 198 298 351 391 421 456
362 362 102 227 244 336 351
363 363
364 364 1 2 7 10 18 25 26 27 30 32 36 38 40 41 42 43 44 52 54 56 57 59 63 67 69 83 85 87 93 97 104 107 111 117 120 121 124 125 126 128 129 134 143 146 154 155 164 165 166 169 177 186 187 191 202 206 217 224 226 231 235 236 238 240 245 246 254 255 258 259 260 261 263 265 277 278 279 280 281 282 283 286 291 293 303 306 307 310 313 314 321 323 326 327 330 335 338 342 345 346 347 351 357 367 378 389 391 394 398 400 407 410 411 412 413 415 419 421 427 431 432 433 436 440 441 443 448 450 451 452 460
365 365 50 243 291 312 336 442
366 366 1 7 10 17 20 26 31 67 113 122 131 137 141 169 178 183 185 198 201 204 212 224 237 256 257 265 275 291 296 302 304 350 354 362 370 376 388 390 397 399 406 407 425 427 434 446 447 461
367 367 55 196 207 213 299 318 378 416 439
368 368 71
369 369 243 294 314
370 370 1 6 10 15 20 21 24 28 35 36 37 39 55 56 57 69 70 71 77 78 83 90 93 95 98 101 111 113 122 139 140 141 144 146 150 153 164 168 171 177 178 179 183 184 185 188 204 205 206 207 212 213 217 234 238 239 247 250 251 252 256 257 265 266 273 274 276 279 280 281 290 292 296 301 304 308 318 319 320 324 357 375 376 379 383 384 388 400 403 406 407 408 420 423 427 428 436 437 453 459 460 461
371 371
372 372 69 91 385 399 409 462
373 373 17 132 303 323 324 388
374 374 143 152 163 396
375 375
376 376 60 112 259 303 373
377 377 135
378 378 350 361
379 379 240
380 380 106 434
381 381
382 382 141 256 420
383 383 90 223 333
384 384 218 390 410 416
385 385
386 386 103 275
387 387
388 388
389 389 1 5 11 17 23 27 39 44 49 53 59 69 71 72 74 78 79 85 86 90 92 93 95 97 99 101 107 128 131 134 141 147 151 154 157 160 161 165 170 174 186 188 191 200 201 202 203 212 216 217 233 235 238 240 244 250 252 254 274 276 277 280 283 293 295 296 298 303 309 311 312 317 319 323 329 341 342 346 350 357 362 366 368 369 375 379 384 390 394 397 399 400 411 420 421 423 432 440 451 452 455 456 458 459
390 390 205 264 267
391 391 240
392 392
393 393 332
394 394 1 11 15 49 54 55 70 71 76 92 121 131 157 168 293 357
395 395 321 377
396 396 35 53 100 140 188 252 266 290 308 352 395 429 444 446
397 397 9 195 303 401
398 398 17 265 389
399 399 358 392
400 400 12 37 40 67 76 110 137 144 177 242 265 272 323 328 334 359 370 409 411 420 432 453 464
401 401 33 44 77 82 121 126 133 161 240 320 404
402 402 325
403 403 80 462
404 404 20 35 111 190 201 221 224 257 279 290 291 302 306 313 367 376
405 405
406 406 23 30 37 44 52 65 66 71 76 82 90 92 103 112 116 119 121 130 134 136 165 184 187 203 215 220 221 225 226 229 230 252 253 254 263 271 284 292 293 297 298 305 309 311 316 317 329 335 339 347 356 363 367 371 375 377 392 398 399 405 409 413 440 456 463 464
407 407 33
408 408 35 63 147 243 358 436
409 409 273
410 410 0 22 37 61 73 78 122 127 130 151 178 181 233 313 342 347 349 359 372 394 404 430
411 411 57 267 427
412 412 16 20 22 24 32 33 37 38 40 42 47 54 55 57 60 69 71 83 89 98 102 121 143 168 177 178 184 192 215 220 234 265 267 273 322 349 362 365 370 380 383 393 419 425 430 453 454
413 413
414 414 181 186
415 415 111 290 393
416 416 386 423
417 417
418 418
419 419 332
420 420 30
421 421 123 142 231 340
422 422 1 2 5 7 14 15 17 20 31 32 38 43 47 55 58 67 68 78 85 103 106 107 111 112 115 125 128 131 140 143 154 163 177 183 184 185 191 195 197 202 210 212 213 215 224 244 256 263 280 295 297 302 303 304 305 313 324 326 327 330 335 349 354 356 357 360 379 386 396 400 408 409 411 413 421 425 428 454 458 461 464
423 423
424 424 9 14 30 64 87 110 148 159 195 229 257 258 299 304 340 361 382 389 454 463
425 425 25 48 73 76 85 93 110 115 120 125 129 133 163 176 180 189 198 203 242 243 262 264 292 300 375 432 435 464
426 426 153 225
427 427 57 101 144 247 293 298 328 331 391 400 411 446
428 428 12 19 27 35 38 44 50 52 74 77 80 83 107 121 122 127 134 144 160 161 165 185 187 199 209 216 217 235 236 238 243 254 261 265 280 283 284 298 312 314 335 336 346 347 366 367 385 392 398 406 415 421 433 452 456
429 429 226 238 283 365
430 430 453
431 431 13 50 88 112 280 312 336 355 442
432 432 9 33 56 63 81 94 100 108 166 229 234 262 294 297 301 313
433 433 266 274 454
434 434 0 6 11 15 16 17 30 31 39 46 47 49 51 52 56 58 60 61 65 66 72 78 89 93 95 98 103 108 117 120 121 122 125 127 130 131 133 134 136 144 146 150 160 166 167 168 171 177 180 181 184 185 186 188 193 196 200 204 207 210 211 217 220 224 231 234 235 236 237 239 243 245 247 249 250 252 253 254 255 256 260 263 265 266 268 272 273 279 280 281 283 289 291 292 298 299 301 304 306 310 311 313 315 316 317 318 320 323 327 331 332 334 336 338 351 353 355 356 357 359 362 370 372 373 375 376 380 388 389 393 394 397 399 406 408 414 417 422 428 432 433 435 436 440 445 447 449 450 452 453 461 462 464
435 435 18 25 27 43 44 63 66 71 106 112 128 129 134 151 161 165 174 186 216 233 240 244 274 276 281 283 291 324 326 342 344 346 350 369 390 394 398 410 412 440 444 451 458
436 436 122 193
437 437 21 111 147 198 256 257 276 277 304 333 427 460
438 438 65 148 308 319
439 439 136
440 440 330
441 441 20 21 30 44 49 66 79 127 151 154 170 174 175 181 184 199 240 244 266 277 329 350 353 366 373 378 412 427 435 451 452 457
442 442 5 27 58 66 67 68 78 333 350 361 364 408 411 451 458
443 443 45 46 120 166 181 236 240 254 296 298 307 378 389 429 433
444 444 124 168 222 270 353 355 384
445 445 55
446 446 6 168 333 460
447 447 5 78 103 146 176 191 226 230 253 263 363 445
448 448 27 30 66 80 84 124 141 148 173 184 186 200 283 289 400 418 423 424 433
449 449 51 213 262 331 408
450 450 6 30 66 246 440 458
451 451 17 53 423
452 452 2 14 20 21 26 27 28 30 31 37 39 44 48 49 51 52 55 57 65 77 78 84 85 88 90 91 92 93 95 105 107 111 114 115 116 117 120 123 125 127 131 134 139 140 141 147 150 151 153 154 156 160 164 173 174 177 179 180 184 186 187 194 200 201 203 205 206 207 212 222 235 236 239 240 242 245 246 248 253 254 255 256 257 260 263 266 274 276 277 278 279 280 283 284 287 289 292 293 294 298 299 301 302 304 305 306 307 310 313 314 317 318 320 323 348 355 356 357 360 369 375 376 378 379 380 383 387 388 390 391 392 394 397 398 399 400 403 406 407 412 413 421 425 427 430 432 433 435 436 437 445 447 454 459 460 461
453 453 202 286 294
454 454 21 30 31 37 50 57 85 113 115 120 125 134 139 140 154 163 173 217 232 233 237 256 274 276 279 301 314 315 335 336 373 391 392 400 411 427 428 439 445 447 459 461
455 455 59 408
456 456 140 229
457 457 17 28 34 36 61 70 90 111 115 116 127 130 150 169 183 185 212 230 231 250 256 257 278 292 304 316 335 347 357 388 397 405 406 414 425 432 438
458 458 12 66 146 184 195 224 228 237 245 253 303 339 348 449 461
459 459 14 183 435
460 460 174 222
461 461 135
462 462 7 42 57 89 108 129 130 132 176 196 198 207 213 230 238 252 265 307 320 325 328 331 353 359 375 419
463 463
464 464
