#causal_discovery_varlingam.py data/latest_sp500_return_80.csv 1 latest_sp500 varlingam
# GMT Sat Sep 28 21:51:48 2024
# 
0 30 60 61 70 75 98 112 160 167 189 224 266 351 379 400 411 412 419 426
1 7 48 54 114 125 137 210 260 294 324 350 358 384 392
2 26 49 52 92 117 180 253 259 261 292 309 373 379 432 436 443
3 7 415
4 0 64 117 272 401 457 458
5 1 4 15 25 30 58 67 76 106 128 153 157 167 185 221 271 317 342 378 390
6 27 48 70 124 160 332 446 464
7 6 7 40 131 132 137 240 244 271 276 281 302 337 354 368 376 382 390 394 447
8 52 90 121 144 202 323 368 384 392 441
9 0 4 16 22 30 33 41 47 62 64 75 81 83 87 92 94 102 104 109 117 137 144 172 176 177 185 192 194 195 197 199 203 213 216 221 226 229 230 234 241 243 245 247 253 255 265 267 271 299 317 321 322 325 327 331 349 350 363 365 383 385 388 393 399 400 401 402 408 418 423 424 444 450 454 458 461 462 463
10 35 49 67 159 196 206 223 236 259 302 349 365 446
11 35 188 255 281 296 346 352 368 370 385 423
12 7 30 49 151 166 212 261 346 359 372 421 433 441 453 457
13 1 62 72 76 78 119 131 139 157 189 214 227 233 241 249 266 274 303 312 313 331 342 350 351 369 378 403 407 432 435 441 442 455 458 460 461
14 28 30 44 117 122 141 149 180 181 229 237 264 269 280 334 396 400 402 406 413 423 429 430 431 452
15 63 73 92 100 113 116 151 189 204 221 223 236 253 259 261 265 350 379 387
16 3 15 33 82 110 115 137 149 178 189 266 369 370 399 402 441
17 9 62 84 90 93 161 163 185 203 224 239 240 274 289 293 308 310 315 320 349 354 378 383 390 394 433 437 463
18 25 49 187 210 233 238 253 265 273 309 321 374 381 390 413 438 452 457
19 80 326 415
20 2 15 20 27 30 35 65 73 74 99 103 105 107 111 122 123 131 156 179 184 185 207 212 213 224 234 240 242 246 263 269 271 277 292 302 304 306 309 313 323 337 361 364 365 376 377 388 389 395 401 405 420 422 423 434 441 449 452 460
21 21 28 43 78 90 110 122 125 169 181 201 229 233 235 237 242 249 255 265 280 290 297 303 316 377 378 390 397 400 405 411 416 419 427 428 434 441
22 18 30 32 36 37 54 61 87 95 99 127 135 155 156 164 166 167 174 176 178 217 226 230 238 247 261 272 297 299 301 317 322 327 329 361 365 372 374 379 403 416 421 430
23 27 40 215 216 249 350 424
24 1 9 38 39 43 46 49 54 95 123 151 221 240 271 294 298 301 303 306 323 357 369 428 453
25 173 274
26 424
27 66 73 100 160 208 210 211 217 243 346 396 405 451
28 0 30 49 53 120 140 150 172 201 221 269 279 322 463
29 3 5 74 107 112 115 166 188 216 221 227 242 258 261 271 310 317 378 382 387 448 455
30 19 27 30 40 49 78 84 92 115 120 121 149 160 169 175 201 216 220 227 243 292 350 379 384 389 390 410 411 433 441
31 15 33 39 53 54 104 111 137 179 214 229 243 256 258 275 280 285 291 292 295 302 313 403 420 435 463 464
32 61 93 96 157 228 231 301 350 370 407 419 422 423 438 451
33 23 60 61 78 96 110 189 289 328 364 374 401 417
34 61 120 126 150 233 273 292 298 315 403
35 22 90 131 247 269 302 400 405 457
36 3 6 32 42 48 120 144 150 171 216 222 260 273 298 316 351 359 408 453 463
37 6 51 87 91 95 98 178 223 231 238 322 341 372 375
38 15 17 21 22 31 36 37 58 69 72 73 94 99 101 120 137 138 143 147 187 192 206 239 240 265 275 289 324 370 383 385 390 394 399 441 450 451 458 460
39 15 16 36 39 92 95 97 100 108 115 131 144 160 164 188 201 243 248 279 324 369 371 394 399 403 417 422 452
40 113
41 3 45 48 49 75 194 226 271 338 363 371 386 415 444
42 6 57 92 121 122 153 265 315 328 371 390 451
43 10 12 18 25 44 66 73 86 92 168 181 191 216 240 256 261 264 265 269 280 286 325 341 350 373 400 405 407 411 438 457 462
44 71 187 189 208 233 243 244 295 303 424 441
45 25 65 159 194
46 53 73 108 131 168 358 370 423 446
47 3 22 41 42 49 63 64 67 70 74 78 83 95 97 100 104 120 128 137 151 168 172 176 177 187 195 197 199 206 209 210 221 240 241 243 248 253 265 267 279 281 290 293 294 296 310 313 327 360 370 378 385 390 393 394 399 413 415 424 449 451 454 462
48 48 201 226 372 441 464
49 19 74 83 96 115 117 118 169 202 322 350 362 371 434
50 30 131 366 392
51 7 15 137 160 225 292 394 443
52 31 81 99 105 189 201 220 235 236 255 270 293 314 315 341 400 405 432 433 444 447 453 456 460
53 10 35 73 97 106 112 117 143 168 240 249 296 309 311 324 396 410 423 452
54 4 12 30 61 66 91 93 169 196 201 229 321 322 346 359 362 388 405 419 434
55 9 20 24 27 38 42 111 123 131 133 143 144 145 151 156 162 169 183 203 206 224 227 245 255 257 277 289 293 298 302 313 333 343 347 362 364 373 374 376 391 399 410 415 417 426 428 434 441 457 460
56 63 80 131 187 205 263 301
57 0 2 21 30 40 51 54 57 60 68 70 74 80 88 91 92 94 131 151 155 184 185 189 191 222 223 225 236 244 250 265 271 277 280 283 306 321 335 337 368 370 384 390 393 394 396 400 403 410 415 427 433 439 459 461
58 16 25 31 43 49 109 141 157 264 272 316 327 328 334 343 360 369 413 433 464
59 31 33 71 115 120 122 141 185 191 221 228 238 239 244 270 273 309 310 350 351 390 392 406 410
60 7 16 53 54 86 89 112 122 125 166 181 196 260 289 290 309 327 351 359 378 426 431 441
61 2 10 40 71 73 113 119 173 187 211 246 259 266 295 327 336 394 397 402 417 440 442 461 464
62 5 12 54 81 94 143 230 243 261 321 322 323 346 366 384 403 405 410 451 452
63 53 63 187 216 326
64 28 30 48 64 84 122 182 189 191 202 216 230 292 322 328 410 423 454
65 6 19 48 90 94 95 127 156 163 189 216 244 281 297 311 316 324 325 328 370 410 419 424 439
66 113 128 305
67 7 12 16 34 40 54 62 95 133 144 182 216 227 287 298 302 328 334 335 403 413 431
68 5 51 70 72 74 76 100 115 125 169 182 188 191 198 201 216 223 226 240 260 271 281 284 293 323 324 325 333 339 354 358 362 368 387 395 402 409 410 418 437 457 464
69 21 62 67 71 103 106 125 139 144 146 147 163 167 169 228 239 255 257 280 283 293 297 305 311 319 326 345 354 357 359 378 391 399 400 413 418 426 437 441 453 458 459 461
70 10 160 273 370
71 132 317 376
72 53 72 79 103 109 136 139 151 214 222 224 236 239 244 250 255 264 267 275 288 296 303 313 326 357 368 371 378 397 405 406 441 448
73 240 446
74 39 42 111 132 136 187 188 216 234 247 248 271 281 297 321 325 334 365 369 371 400 405 419 433 439
75 15 48 58 64 67 89 94 135 163 172 190 210 218 264 281 287 299 343 361 378 399 405 411 423 434 444 451 458 462 464
76 6 10 48 114 160 178 282 301 325 327 358 359 400 403 439 464
77 19 52 65 80 101 117 161 189 196 213 229 250 252 255 262 264 269 274 284 292 293 319 344 357 362 364 378 383 385 391 395 400 402 405 423 437 443 449 455
78 0 5 7 14 29 34 36 38 58 60 63 68 69 73 78 88 90 91 93 94 101 103 120 122 133 137 141 158 166 167 176 187 191 196 200 217 222 239 244 247 254 257 263 266 273 280 290 302 303 309 313 317 323 324 328 334 342 350 351 354 359 369 370 374 394 399 402 404 406 419 426 436 442 449 451 457 460
79 23 53 70 111 153 160 191 203 214 227 266 276 328 350 366 375 427 433 441 457 460
80 71 137 153 178 266 280 336 343 346 364 394 411
81 18 27 61 64 131 132 168 211 223 238 239 253 286 297 301 322 340 371 399 405 413 415 454
82 90 93 134 226 317 390 431 441 444 451
83 15 90 98 115 122 138 144 151 153 160 172 218 223 226 231 322 324 349 360 371 393 408 409 421 451 453 458 462
84 6 23 78 104 117 143 151 201 216 233 258 419
85 6 109 128 184 200 400 454
86 33 54 93 100 188 203 244 281 351 375 405 406 429
87 2 25 87 182 263 322 370 372 410
88 132 171 175 281 365 455
89 0 22 39 40 44 89 91 99 120 128 130 152 169 188 216 222 266 273 280 293 311 323 326 346 348 351 355 356 371 390 397 398 399 405 410 411 421 433 441 447 454 455
90 29 30 42 88 89 112 117 130 132 137 161 178 222 226 228 239 247 253 255 270 289 293 298 311 317 324 346 355 357 360 378 393 399 401 410 426 437 452
91 0 7 21 30 32 49 84 92 96 108 115 122 160 168 185 230 294 298 301 325 342 347 361 390 396 412 434
92 57 78 92 205
93 0 100 153 208 224 240 255 292 309 325 336 343 370 415 417 428 461
94 15 48 74 93 115 122 157 187 221 242 249 321 348 350 371 413 462
95 131 157 204 230 260 335 359 372 374 387 407 419 454
96 3 52 84 85 90 100 117 301 314 361 411 461
97 39 42 52 54 84 91 125 128 129 137 145 159 161 167 178 189 218 227 242 278 292 303 313 315 320 350 354 369 371 391 413 427 428 451 458 460
98 91 169 224 230 231 374 390 400
99 30 32 68 71 75 90 98 115 118 160 216 225 243 298 335 346 354 381 387 407 419 441 443
100 10 35 53 90 100 188 299 327 384
101 19 52 65 137 167 225 237 284 317 328 366 367 368 401 415 437 438 440
102 15 22 71 74 81 90 91 121 136 176 214 234 267 288 300 317 349 357 365 368 374 377 380 394 399 401
103 1 5 43 78 88 101 105 106 113 146 236 302 366 371 372 433
104 4 5 15 25 64 83 94 124 132 172 176 188 216 233 243 267 356 360 364 374 390 393 394 400 413 453
105 37 44 85 97 160 228 236 268 281 308 315 318 324 327 364 379 439 452 455 462
106 6 73 131 137 151 188 243 258 296 365 415
107 17 23 53 67 85 121 144 150 178 228 236 246 261 303 313 324 377 390 395 413 419 432 435
108 216 234 323 329 433 443 446
109 6 53 116 124 128 150 187 222 243 290 455
110 6 18 67 82 149 189 331 417
111 0 19 42 45 49 51 57 69 70 72 79 100 110 117 119 120 122 131 137 168 191 202 203 206 208 250 302 310 323 329 344 350 353 358 360 376 378 379 396 406 410 411 418 420 431 434 439 446 447 460 461
112 33 53 63 113 122 124 144 216 248 258 340 342 365 371 382 415 440
113 265 350
114 0 53 64 73 148 150 180 221 230 239 249 299 302 309 315 369 378
115 25 46 51 70 96 111 122 140 157 180 201 237 289 303 369 417 418 441
116 7 23 27 56 115 120 125 160 358 370 382 407
117 20 45 79 91 98 106 110 120 122 126 130 132 135 157 169 185 187 189 190 199 233 238 274 281 292 296 306 307 310 335 336 351 359 389 398 410 442 447 451 456
118 7 32 95 98 100 156 185 188 210 231 292 302 335 350 359 364 370 387 419 434 457
119 9 90 102 120 288 363 378 392
120 6 18 38 113 122 131 132 165 180 195 203 224 266 275 301 320 323 328 354 372 375 395 399 433 443 455
121 12 21 47 54 64 116 127 137 151 178 180 228 233 308 321 353 371 378 394 397 426 461
122 36 39 60 128 131 169 180 195 203 243 244 321 362 370 373 380 410 411 413 432 434 449
123 10 15 19 22 27 29 30 33 39 43 48 49 53 57 58 61 67 69 75 78 83 88 90 94 97 102 110 113 115 121 123 129 133 135 137 139 146 157 159 161 164 171 177 178 189 190 194 199 204 207 208 212 215 220 221 223 226 229 230 235 239 245 248 251 254 255 265 267 268 279 287 289 293 297 298 303 309 310 313 316 320 321 322 324 325 330 334 340 347 348 351 352 353 354 355 357 358 359 360 363 375 376 380 382 383 385 391 394 396 399 401 406 407 409 413 414 416 426 427 430 431 432 434 440 447 448 449 457 460 462
124 19 325 379
125 12 30 61 96 120 134 140 146 153 157 160 202 204 216 281 283 286 299 306 308 315 350 390 394 405 414 430 433 441 461
126 133 135 153 164 200 238 318 320 336 366 381 400 404 422 434
127 30 120 128 136 161 165 173 186 187 200 203 216 222 224 234 243 260 280 281 295 338 367 368 397 398 407 435
128 0 12 15 36 48 71 74 76 81 87 94 101 103 128 131 151 163 164 167 180 184 185 205 217 258 293 316 324 331 341 367 382 392 431 447 456
129 1 22 40 90 115 184 188 207 238 273 289 313 327 336 378 379 405 456
130 11 25 48 66 98 115 122 132 161 164 168 171 173 177 182 195 197 231 265 292 376 377 378 407 443 457
131 3 15 17 30 52 57 61 67 75 84 85 91 104 112 122 128 131 134 147 151 153 155 161 164 174 179 180 191 198 208 216 224 225 233 240 256 266 272 274 281 285 289 299 302 315 316 320 324 333 335 348 354 359 364 372 375 376 382 384 387 390 398 413 419 434 435 446 451 454 460
132 4 25 33 45 48 64 106 124 201 223 229 233 234 286 303 387 448
133 46 144 166 178 281 292 323 346 349 363
134 18 30 34 46 48 62 66 115 164 201 244 254 290 314 343 350 378 402 423 437
135 33 45 138 143 153 188 220 274 302 323 324 340 441
136 34 54 71 81 84 86 87 131 196 200 354 368 402 405 442 460
137 57 63 74 115 185
138 18 33 104 138 161 223 255 372 398
139 21 27 30 44 48 49 57 93 95 97 121 125 132 134 137 171 174 178 187 235 244 248 277 292 297 299 303 305 370 378 400 412 424 427 430 450
140 7 53 171 186 201 203 249 358 361 451 462
141 0 5 33 37 86 105 109 141 157 180 188 196 221 224 249 292 293 296 320 347 372 378 406 412 429 447
142 98 198 273 300 321 463
143 9 33 47 57 67 93 97 104 129 163 172 177 192 200 209 274 292 294 295 313 321 349 362 368 382 431 434
144 6 15 16 17 21 27 28 30 42 84 98 106 112 113 122 151 161 188 200 207 216 222 236 237 255 266 280 297 301 332 351 354 359 379 390 399 400 413 419 444 451 460 461
145 9 24 29 33 38 63 83 97 118 128 129 172 177 189 192 196 200 223 240 264 287 302 333 342 350 366 378 405 411 419 421 431 451 462
146 0 51 108 146 151 168 185 187 255 308 310 412 435 458 461
147 1 12 21 44 57 84 91 107 115 119 131 137 139 143 151 153 158 160 174 210 214 223 228 230 243 323 326 342 350 351 357 397 452 459
148 3 25 54 88 109 120 141 194 222 223 230 309 328 368 377 390 394 418 439
149 23 172 234 249 292 351 441
150 0 6 115 239 296 351 398 401 447
151 1 7 8 18 19 29 30 43 46 52 54 57 58 62 66 69 89 92 93 141 153 171 174 201 202 206 207 217 223 229 233 235 255 264 267 276 277 292 295 298 303 305 335 342 357 369 378 388 390 391 394 398 400 412 413 417 421 427 431
152 188 265 315 447
153 7 30 34 90 91 100 111 115 118 122 160 165 187 189 205 210 224 237 265 266 298 301 309 340 351 372 375 376 390 433 442
154 19 30 42 44 47 49 101 105 112 117 120 152 167 172 203 222 243 272 283 298 301 315 328 355 376 390 400 409 417 424 433 462
155 3 28 32 54 70 96 115 118 126 207 261 265 269 273 320 359 404 413 422
156 6 30 48 70 99 115 126 155 164 228 265 365 381 382 404 422 430
157 10 11 22 30 59 78 93 106 132 152 153 173 187 200 210 227 243 288 295 309 341 346 347 352 361 365 366 421 429 441
158 45 84 113 167 178 216 225 347 378 431 437 462
159 74 125 206 224 239 313 324 370 419
160 10 106 108 204 227 236 240 243 253 281 296 325 341 390 400 433
161 16 30 125 131 152 160 165 188 240 258 261 274 281 299 366 381 382 390 419 441 457
162 9 14 18 22 25 32 58 69 77 78 91 131 145 155 156 172 176 192 195 219 228 229 241 264 274 282 302 327 330 332 347 349 361 362 374 381 382 400 404 430 434
163 19 30 49 95 97 100 101 156 167 169 178 180 186 214 217 228 236 290 302 309 336 343 353 354 357 359 374 378 391 400 417 436 458
164 2 23 26 32 63 70 73 99 108 115 126 201 207 210 231 249 259 320 332 335 353 403 412 436 443 452 457
165 18 25 31 71 85 96 106 131 169 173 187 228 239 244 259 281 284 324 355 379 409 439
166 34 57 72 96 103 105 117 120 125 132 133 136 166 180 189 233 236 240 270 299 315 316 326 347 351 374 390 413 432 456
167 0 33 48 54 57 58 67 81 92 95 133 153 161 167 171 178 186 195 196 201 205 217 225 231 242 247 253 272 281 290 326 345 347 350 360 369 399 405 408 409 432
168 4 11 62 81 141 188 205 249 296 352
169 11 20 22 30 31 34 40 43 52 55 70 98 103 106 112 114 120 121 126 144 157 174 183 185 198 206 208 212 221 224 255 256 257 270 280 287 304 305 313 318 347 357 388 390 400 401 402 434 435 458 460
170 25 30 54 79 89 106 114 125 147 151 177 193 244 255 267 285 291 332 336 344 346 366 394 424
171 78 101 103 122 201 205 224 249 295 343 352 434 451
172 4 22 41 43 64 81 94 105 112 120 124 132 135 138 194 226 247 255 264 280 325 343 368 374 379 393 394 400 403 448 458 464
173 162
174 19 32 42 49 53 54 66 70 74 107 110 120 121 124 128 131 151 153 157 161 166 177 187 189 212 216 237 238 244 270 292 302 303 309 323 337 341 350 358 365 369 371 374 385 390 397 402 410 414 451
175 27 46 73 186 208 370 377 396 423 446
176 15 18 33 37 54 74 81 82 87 108 124 141 201 210 261 274 323 324 327 360 365 369 371 372 378 441
177 1 33 54 56 63 78 83 90 92 97 112 115 118 128 129 137 163 188 194 210 215 220 221 237 247 259 274 287 288 300 301 310 337 338 339 348 369 380 391 392 400 415 423 433 435 439 449 453
178 30 56 65 71 120 121 169 225 226 231 234 242 281 292 313 326 354 368 382 447
179 54 158 198 251 254 274 281 303 309 354 396 404 431 443
180 27 51 53 93 97 100 111 151 163 173 205 258 306 309 328 350 415 431 453
181 0 4 23 44 54 85 96 141 157 225 227 236 266 269 292 296 313 323 334 372 390 399 400 423 429
182 73 201 372
183 9 19 20 31 38 95 111 119 145 171 192 210 212 224 226 227 229 240 263 267 282 285 304 322 333 337 350 369 378 390 391 393 411 419 429 433 444 457
184 30 37 53 54 68 82 85 95 98 105 114 116 126 127 137 156 173 200 207 210 215 236 240 244 245 251 272 323 344 394 399 429 430 432 453 460
185 9 13 17 57 60 72 79 111 122 131 134 144 160 172 174 178 187 198 203 208 212 222 225 233 240 263 269 274 287 289 290 293 302 304 310 312 319 323 330 333 336 337 341 342 346 368 373 376 378 386 389 400 420 428 430 434 440 445 446 449 453 455 456 461
186 27 44 85 171 175 229 283 286 346 365 379 403 457 460 461
187 1 85 93 122 216 218 227 346 374
188 0 15 58 126 153 166 336 449 461
189 53 82 106 131 137 149 169 267 346 354 370
190 4 74 104 141 172 178 200 230 241 287 362 368 411
191 4 9 25 75 122 189 266 299 309 341 346 369 372 403 457 460
192 22 44 47 73 83 91 94 116 129 137 138 172 176 195 201 223 238 244 287 325 326 327 337 373 392 393 464
193 42 72 83 243 252 272 339 351 415 434 458
194 42 64 74 78 81 151 325 372 409
195 4 6 10 22 36 45 48 54 64 75 81 83 90 104 119 123 128 138 148 172 177 197 226 229 241 243 262 268 286 295 310 311 362 379 385 393 408 424 450 452 454 463
196 16 53 95 122 153 167 173 229 260 281 320 331 351 368 374 394 399 405 431 457 458
197 3 6 30 65 75 90 102 105 125 135 164 180 209 229 230 231 241 268 313 340 360 370 377 382 385 394 408 411 418 423 444 450 455 456 463
198 112 142 223 236 253 273 290 351 354 403 442
199 36 58 149 168 172 190 216 225 228 343 371 398 415 458
200 20 50 167 260 266 292 397 403 417 419 438
201 10 30 125 295 315 350 363 390
202 5 52 58 59 60 66 67 73 74 78 90 99 131 134 173 174 187 191 196 200 201 217 224 236 239 255 272 289 292 293 298 303 309 335 342 350 371 375 379 382 390 411 434 441 455 461
203 30 34 56 92 93 121 200 201 203 212 233 247 266 325 341 359 397 440 458
204 11 14 106 128 168 188 201 296 384 395
205 7 46 69 117 120 160 169 201 240 249 273 296 354 358 434
206 1 7 32 56 57 81 97 114 117 131 137 139 144 147 151 220 263 266 267 274 276 295 300 302 310 320 323 337 357 376 380 399 402 415 433 442 447 459 460
207 19 20 33 51 78 108 118 126 171 216 265 281 301 348 361 370 399 426 436
208 24 73 100 327 399 401 434
209 4 16 48 62 64 75 104 113 152 172 190 199 211 217 299 301 313 330 343 378 390 398 401 415 447 462
210 128 132 160 180 189 265 279 341
211 40 73 216
212 1 7 8 9 13 17 26 31 33 43 75 95 111 115 117 131 163 184 206 224 256 258 275 277 282 294 303 304 306 337 348 363 370 420 426 432 435 458 461
213 0 1 22 46 59 64 67 73 83 88 90 93 94 96 97 100 104 106 110 122 133 146 161 163 184 216 250 261 271 290 292 296 310 315 324 325 331 338 339 348 349 362 368 375 381 388 398 401 403 411 421 422 433 440
214 20 58 61 78 81 114 117 122 125 132 137 231 253 263 293 303 320 324 350 361 369 392 399 402 405 407 409 418 433 451
215 74 342 354 381 464
216 9 20 30 74 188 216 273 317 331 348 410 433 447
217 0 23 30 35 36 39 40 74 93 127 136 144 200 208 225 233 234 236 242 281 290 299 308 311 324 334 342 347 351 375 394 398 400 405 415 432 441 449 453 458
218 12 54 62 67 132 169 185 292 326 346 390 434
219 9 18 22 57 75 143 168 228 260 295 330 332 350 378 394 404 430 441 450
220 57 67 137 184 281 365 449
221 78 87 90 92 167 223 239 275 292 328 359 372 379 454
222 96 97 247 303
223 0 5 6 40 49 151 210 216 236 239 336 358 359 370 395 434
224 7 8 10 12 13 14 17 20 21 27 29 32 43 44 47 57 78 82 91 94 96 111 112 114 118 120 131 135 143 153 167 176 185 188 191 193 202 216 223 224 225 238 247 250 257 260 262 266 274 276 284 285 299 301 302 309 313 316 322 328 332 343 347 348 355 362 364 373 376 380 385 388 393 394 397 401 403 408 412 418 421 435 444 447 449 464
225 19 45 57 58 84 118 141 159 194 236 284 285 289 313 340 341 367 371 390 405 419
226 30 90 94 95 98 122 169 176 178 210 221 224 230 247 261 292 293 311 321 325 326 327 335 353 365 372 375 377 387 394 400 403 452
227 50 57 79 243 244 277 303 319 336 337 399 405 415 441 443
228 30 72 93 341 462
229 3 29 36 41 44 45 52 59 60 65 94 101 109 115 117 118 119 132 135 144 146 148 160 161 201 209 210 226 229 250 257 258 267 271 289 299 308 317 347 357 359 363 371 382 385 386 390 418 424 437 439 440 449 450
230 6 53 68 210 309 407 419 438
231 44 230 255 265 407 419
232 7 13 20 21 31 43 47 53 60 72 78 79 90 105 118 119 120 131 143 151 163 198 200 212 213 218 223 225 227 240 243 244 266 274 285 295 299 303 304 307 312 337 346 347 356 362 364 372 373 376 378 389 390 391 411 427 440 441 442 443 445 449 452 460
233 19 23 61 87 115 122 124 131 200 215 216 224 227 281 292 299 300 303 309 336 350 366 419 426 440
234 0 16 20 27 73 76 95 122 153 161 188 196 203 224 240 281 303 324 331 368 369 379 394 397 405 416 452 456
235 4 10 52 85 107 115 131 132 146 164 210 229 236 243 246 292 308 314 315 323 402 405 421 432 451
236 3 30 53 59 61 84 85 93 95 109 113 114 115 120 121 122 125 153 160 161 167 173 206 216 236 264 269 279 294 301 308 324 331 342 354 370 395 398 404 412 432 433 435 451
237 49 84 91 120 125 153 243 301 306 309 313 314 320 390
238 27 32 51 95 99 118 125 137 189 210 230 231 335 372 387 400 403 407 419
239 23 27 51 56 93 249 403 426 433
240 2 20 22 32 43 44 51 60 66 67 68 69 70 74 78 82 90 92 96 103 106 114 115 118 131 139 140 147 151 160 163 169 170 174 186 187 191 201 202 223 244 247 248 253 255 263 266 271 276 277 279 293 298 299 301 305 313 322 323 327 329 336 337 341 347 353 358 359 360 378 390 391 395 400 401 405 410 411 415 432 433 434 443 451 452 458 459 463
241 4 5 18 19 32 33 36 37 40 45 51 54 62 65 66 74 75 78 79 81 82 92 93 98 100 101 102 104 109 116 118 122 123 126 128 132 138 144 152 165 166 170 171 172 184 187 196 200 205 207 209 210 213 226 230 231 235 240 253 255 258 261 263 264 266 267 276 277 281 283 285 288 289 290 294 295 298 302 311 315 317 319 326 327 338 351 352 354 356 358 364 365 366 370 371 374 375 387 390 391 397 402 411 418 419 423 426 434 438 441 443 448 452 453 454 456 464
242 86 127 141 171 182 201 205 223 234 240 275 315 323 327 328 370 399 460 464
243 3 7 8 13 23 30 43 49 54 71 73 83 97 105 112 117 120 125 128 131 134 136 140 151 155 163 164 170 172 174 193 200 201 202 217 236 244 256 295 299 302 303 310 312 314 318 336 344 350 371 374 378 379 380 381 385 398 411 420 421 433 435 442 456 459 460 461 463
244 21 53 67 70 79 80 84 106 137 146 212 227 233 240 260 263 302 328 347 372 390 394 397 441 454 457
245 0 33 49 56 63 95 120 130 227 230 236 292 301 315 366 369 371 399 400 419 426 439
246 117 137 240 289 306 348 361 373 431
247 37 54 56 71 74 157 161 165 208 231 255 260 290 326 347 360 363 390 397 399 407 413 431 440
248 36 44 49 63 131 144 180 221 223 260 264 290 325 365 369 379 387 399 410 451 457
249 102 161 169 223
250 0 16 19 28 33 34 44 53 58 60 62 65 68 71 78 86 90 92 98 101 102 110 121 127 137 141 147 158 164 167 168 178 184 200 202 203 217 233 234 239 242 261 263 267 270 274 281 289 290 292 299 308 309 311 317 319 321 324 343 354 365 368 369 375 378 380 383 390 391 397 401 402 405 414 428 434 437 440
251 20 144 201 292 346 423 444
252 78 92 114 132 136 160 265 285 308 360 364 367 378 381 398 418 433
253 90 223 332 372 410
254 7 18 43 44 48 54 89 92 103 107 120 121 153 154 160 162 187 188 216 235 248 251 284 289 292 330 341 346 355 397 399 410 421 429 433 452 456 464
255 14 41 43 56 59 65 71 76 90 93 101 105 112 120 134 141 150 153 166 174 175 196 207 212 221 229 235 236 245 280 293 298 299 301 315 318 350 357 361 368 375 378 382 392 397 400 410 429 431 432 434 437 443 451 456 461 464
256 54 90 93 101 160 169 178 179 181 198 220 240 250 263 274 281 285 298 301 390 391 393 434 435
257 20 28 30 31 46 53 54 59 64 95 97 107 111 115 131 139 143 167 180 183 185 186 191 203 204 211 212 243 244 256 266 274 275 293 295 301 304 307 311 323 324 337 363 368 371 373 375 378 379 388 400 410 411 420 428 437 444 449 461
258 3 23 64 86 87 95 104 134 178 253 258 310 324 331 354 365 369 371 372 382 400 412 438 442
259 216 265 292 354 374 387
260 392 411
261 32 44 47 54 95 99 100 122 164 171 180 208 210 238 253 295 320 329 337 365 366 374 387 441 452
262 5 23 36 46 62 66 67 73 98 102 104 117 119 141 144 173 175 202 208 211 243 267 269 313 316 343 346 349 365 380 396 401 402 403 437 464
263 5 27 29 39 43 54 60 62 67 68 78 79 81 89 96 117 128 146 156 169 178 187 189 202 224 226 249 263 281 292 299 303 305 309 311 321 334 354 356 360 375 398 404 406 413 421 426 431 449
264 28 30 49 120 233 240 269 402
265 187 265 298 372
266 9 10 11 14 15 22 24 36 38 53 54 55 57 67 69 70 83 89 97 98 100 119 135 140 143 144 145 155 156 161 162 167 169 171 172 175 177 178 179 182 195 197 201 204 205 212 213 221 224 249 250 264 266 269 273 278 287 290 294 295 304 306 308 313 333 351 357 358 359 361 363 380 384 385 403 413 415 423 425 434 441 445 451 461
267 6 30 33 58 60 62 64 81 94 98 129 133 136 151 167 210 211 221 224 234 239 245 270 274 277 292 299 300 303 311 327 371 374 399 401 402 405 410 415 424 458 460
268 6 16 42 65 71 101 109 114 124 132 150 152 178 180 181 222 223 242 303 317 365 418 435 443
269 2 101 255 322 358 361 373 403 427 446 451
270 22 32 37 57 61 90 116 125 127 187 212 234 242 245 247 260 269 303 314 315 355 409
271 3 16 42 58 65 74 81 88 112 133 136 157 159 166 203 225 258 260 269 274 297 301 305 309 358 360 371 378 382 395 410 413 418 438 441
272 5 48 76 123 171 223 277 296 359 409 464
273 11 61 100 117 168 179 188 204 212 296 384
274 0 5 8 22 39 56 57 64 67 69 76 96 97 103 114 131 139 141 146 151 153 157 160 161 166 174 185 214 217 221 238 239 240 243 251 259 260 276 284 292 293 301 305 306 309 310 317 334 337 350 371 373 375 379 390 396 411 423 427 431 435 449 455 458
275 0 90 218 261 275 302 315 377 378 384 410 435
276 4 7 20 21 54 69 78 85 91 103 105 109 112 122 125 132 133 134 139 151 157 163 174 202 203 206 230 240 244 255 258 272 273 299 300 302 303 327 330 346 365 370 373 388 389 394 398 411 421 431 441 447 457 459 462 464
277 1 5 7 21 22 30 54 68 81 92 97 125 137 151 153 169 196 221 225 256 271 303 305 309 365 372 373 394 426 461
278 9 31 36 47 52 60 65 74 77 78 92 97 101 102 115 120 125 129 143 145 151 158 162 166 167 177 180 183 185 195 197 206 213 217 219 224 229 232 243 250 255 256 262 282 294 295 298 299 305 307 310 313 314 317 328 333 337 342 344 350 362 363 367 373 376 383 385 389 391 394 401 415 432 435 445 450 456 461 463
279 28 30 49 84 120 122 125 146 150 166 171 239 240 246 297 301 303 306 322 325 353 374 399 410 426 433 434
280 6 7 30 39 65 84 91 117 122 133 153 160 187 201 236 237 243 245 260 269 279 301 306 311 324 342 360 366 375 388
281 10 19 30 48 53 56 61 71 121 150 151 161 168 200 203 233 238 260 269 301 302 335 369 370 394 409 414 440
282 0 9 18 22 32 41 47 74 94 95 104 138 143 145 172 176 206 219 224 226 230 231 236 238 243 261 291 321 335 342 362 374 378 435 444
283 6 10 25 27 81 171 337 368 377 464
284 19 131 189 228 229 233 258 322 347 351 400 407 457
285 96 102 134 216 243 244 261 274 289 292 299 319 342 343 362 364 401 410 444 458
286 243 347 464
287 14 30 65 67 90 156 218 243 264 300 327 394 415 441 458
288 25 42 53 226 244 303 356 386 394 395 415 462
289 1 44 65 78 93 160 173 203 216 229 271 284 298 311 317 324 347 390 419 426 441 464
290 0 8 10 28 70 115 140 188 236 237 269 296 302 308 309 358 369 408 421 441
291 167 187 200 203 207 224 285 353 367 390 400
292 7 13 17 44 54 111 122 132 143 185 227 283 309 346 397 410 441
293 1 10 15 32 33 54 60 79 85 86 91 94 105 110 117 122 137 153 154 166 178 183 203 235 236 239 244 246 254 268 280 284 298 314 317 334 336 360 378 392 394 400 406 414 421 426 431 447 449 453 456 459
294 30 97 120 125 129 153 180 214 243 248 267 298 303 310 313 326 359 369 384 387 403 412 438 460
295 0 27 30 52 72 77 106 122 131 156 157 163 172 177 201 202 203 214 227 240 241 250 252 256 261 280 285 289 292 294 300 305 309 338 357 366 376 378 382 386 389 390 399 400 402 415 432 455 458 460 463
296 370 411 427
297 0 33 61 93 109 113 120 124 126 147 159 187 216 222 239 273 325 372 399 455
298 9 14 28 30 54 67 70 71 84 88 91 100 101 116 122 125 127 130 134 141 144 153 160 164 166 169 173 186 192 202 203 230 254 283 292 296 298 305 311 315 323 324 326 361 367 368 370 378 387 400 405 409 411 413 419 451
299 7 16 24 53 82 90 96 105 109 120 122 125 157 175 180 196 221 240 242 290 309 313 328 341 342 347 351 370 380 392 402 408 409 411 418 421 427 431 449 457
300 29 33 53 60 62 69 78 83 84 87 89 90 96 97 115 117 122 127 130 131 158 204 212 240 242 247 255 260 263 279 284 292 297 299 316 324 339 341 350 352 355 357 366 372 394 401 402 410 418 443
301 113 122 169 233 309 405 415 464
302 21 25 30 49 57 62 68 100 132 171 178 180 186 201 214 238 319 331 351 372 394 421 424 434 459
303 30 43 44 52 66 67 68 90 93 100 105 107 113 114 117 121 160 165 171 177 181 186 194 203 218 236 238 257 266 269 292 298 302 304 309 323 345 346 348 349 357 359 361 378 390 392 393 396 397 399 405 407 453 458 460
304 17 19 24 28 31 57 85 111 112 115 117 119 124 125 128 151 158 166 178 179 180 188 191 194 198 206 212 229 240 253 256 273 279 280 312 323 337 339 347 353 354 357 359 362 369 373 376 378 388 390 405 409 419 420 431 433 438 445 446
305 52 58 74 78 106 173 174 202 228 261 263 293 301 337 343 356 358 378 390 411 451 458
306 6 53 91 115 117 122 128 139 153 160 240 270 301 308 309 351 379 386 390 392 395 403 452 464
307 13 31 131 168 170 181 216 224 243 312 373 394 429 434 442 445
308 6 21 45 48 84 166 180 204 216 227 341 352 373 426 447
309 38 57 65 76 85 107 131 144 163 166 206 216 232 243 266 309 346 373 391
310 18 39 54 91 96 97 120 126 132 144 163 169 174 184 220 236 237 242 245 247 250 263 273 274 279 280 287 306 317 324 336 338 345 349 362 391 411 415 421 428 434 449 452
311 0 10 16 19 23 30 37 90 92 116 123 133 146 150 173 174 181 187 189 208 227 234 238 239 240 247 265 270 281 284 323 324 326 333 341 345 347 368 369 377 397 410 434 443 460
312 8 29 66 72 101 119 128 153 170 193 196 214 223 227 236 240 244 249 252 267 273 289 291 293 305 331 336 344 352 357 366 368 395 415 426 441 442
313 28 32 63 117 163 226 229 245 253 265 403 455
314 30 64 105 107 125 140 151 153 156 185 238 303 309 315 421 436 438 441 447
315 34 87 93 115 134 163 221 272 298 335 357 364 378 410 435 449 460
316 10 152 207 214 216 245 264 318 323 371 413
317 0 2 12 28 51 71 74 88 112 114 178 184 207 216 217 225 270 279 284 297 299 341 347 363 375 390 394 395 418 426 429 431 455
318 18 51 70 98 99 108 168 188 207 227 228 328 331 353 370 458 461
319 19 120 163 243 282 308 315 320 347 351 353 390 411 431 453 461 462
320 2 15 46 62 108 110 196 207 266 267 298 318 354 370 379 381 419
321 61 132 201 230 231 391 409 443
322 71 72 78 137 149 211 295 336 372 398 411
323 11 40 54 56 110 113 119 131 177 186 189 190 211 283 292 346 359 370 377 410 441 451
324 0 15 16 61 71 78 88 95 151 153 193 200 203 221 229 233 238 243 281 326 347 365 369 394 402 413 440 461
325 3 73 90 98 122 220 299 424
326 32 54 57 74 125 128 161 208 239 243 284 309 347 363 376 390 411 434 439 457
327 18 25 32 68 95 98 132 137 253 259 261 265 292 365 370 374 452
328 49 204 328 339
329 10 12 72 120 160 173 239 297 329 348 351 358 405 426 433 457
330 20 91 152 301 404 422
331 46 93 157 208 224 382 390
332 243 373
333 1 7 9 24 38 44 57 97 112 114 117 118 125 137 147 151 174 180 192 206 253 273 277 298 350 362 368 372 391 398 401 433 441 457 460
334 6 37 115 132 133 153 324 365 429
335 32 36 70 137 146 230 231 265 387 407 419
336 30 50 73 78 106 132 177 244 266 289 295 363 365 411 434 444
337 21 31 41 54 72 111 115 120 131 170 217 236 250 251 253 256 263 275 277 285 293 313 323 354 368 373 394 401 420 461 462
338 30 43 94 135 191 196 202 238 239 247 318 324 339 367 394 413 461
339 15 34 41 42 65 111 132 135 180 187 192 200 233 242 331 342 346 360 394 398 418 444
340 3 159 160 162 187 378
341 9 44 54 58 70 76 93 121 151 175 185 194 231 267 274 281 299 332 340 341 363 389 394 410 433 435 459
342 18 25 74 84 86 93 107 127 131 144 168 174 194 203 207 216 223 240 244 247 248 253 311 360 367 368 379 394 397 398 399 413 421 451 457 462
343 43 52 60 67 78 90 103 105 122 125 167 174 185 189 202 203 226 228 263 270 279 293 316 318 326 347 351 376 378 386 411 413 423 431 453
344 8 19 25 60 67 72 80 102 103 136 167 193 194 213 225 227 252 271 280 281 285 291 305 323 325 343 356 364 367 368 378 385 397 405 415 444
345 73 132 178 216 244 326 350 359 382 388 451
346 0 54 71 218 250 293 295 327 370 373 398 452
347 19 117 125 140 173 187 266 292 301 326 351 379 411
348 61 65 68 90 91 93 120 150 156 167 196 201 205 216 217 226 240 245 247 271 286 289 302 320 324 328 331 339 341 342 346 347 354 360 375 390 394 397 398 411 428 447
349 15 16 78 92 96 100 114 128 167 174 267 290 292 297 299 316 325 347 369 374 379 402 426 428 429 446
350 0 20 27 35 96 106 111 121 146 160 191 240 243 293 301 303 309 310 357 449
351 9 298 432
352 120 160 188 266 289
353 2 98 99 329 361 412 434 436 452 457
354 49 96 131 151 257 293 302 311 323 325 328 441 461
355
356 0 2 5 12 22 33 43 46 48 53 58 65 68 78 90 94 134 186 188 201 202 236 266 272 283 289 298 311 347 368 373 399 400 401
357 1 30 43 65 67 89 92 107 114 125 130 137 166 178 186 187 188 203 208 221 225 239 290 292 298 303 311 317 319 355 390 392 394 406 410 437 441
358 9 11 53 100 106 168 188 204 212 222 273 296 309 341 351 352 366 384 399 434
359 22 48 73 90 296 301 379 453
360 6 9 36 43 61 76 93 95 100 109 139 216 248 264 297 299 341 387 410 457 460
361 10 35 46 53 100 108 112 113 168 188 198 204 205 267 273 358 401 434 442
362 1 15 22 43 100 106 116 133 158 161 167 178 250 267 273 303 341 346 348 361 372 378 382 383 410 415 437
363 2 3 22 25 29 30 44 48 56 60 62 81 90 93 102 104 112 136 159 180 194 225 231 243 247 250 255 258 264 268 271 298 310 317 322 327 369 371 386 390 394 414 415 438 444 454 458
364 21 33 60 84 86 90 104 107 115 116 177 189 223 240 255 266 293 309 310 317 319 339 343 349 357 367 388 395 405 411 426 431
365 18 37 48 49 56 87 96 118 137 157 178 265 266 321 327 372 416 453 460
366 52 79 147 204 244 292 350 354 390 405 434 460
367 61 64 84 137 161 196 261 272 284 295 309 366 378 394 426 434 440 453
368 22 33 79 86 91 117 120 161 185 239 281 287 309 331 340 402 405 414 419 455
369 30 34 56 61 63 95 99 132 149 151 157 180 200 203 216 272 290 292 317 342 359 369 372 375 387 390 397 414 460
370 108 160 202
371 3 15 44 45 98 180 188 211 214 222 224 249 286 293 322 325 438 439 455
372 78 120 131 134 224 287 366 451
373 13 15 36 52 58 60 72 77 78 88 90 93 98 101 107 111 114 131 141 144 153 158 160 163 171 193 214 224 225 228 229 233 243 256 274 275 277 290 292 293 295 308 312 324 334 343 354 364 370 374 385 391 404 421 428 435 436 441 442 445 463
374 273 350 373 419 424
375 6 84 85 89 92 93 120 243 255 331 336 398
376 70 91 104 121 141 163 172 179 185 205 213 256 279 290 292 293 296 298 301 321 338 359 390 401 419 421 424 435 437 461
377 21 46 135
378 19 65 74 93 101 106 120 122 136 144 148 157 165 166 179 186 200 210 213 225 234 240 269 271 279 284 302 308 311 317 323 335 339 341 345 346 367 368 385 400 405 406 410 412 437 449 461
379 48 160 187 222 238 346 363 441 453
380 15 16 27 54 58 65 67 89 90 96 110 151 163 174 175 185 186 208 218 240 247 267 270 283 287 289 300 311 321 323 326 351 377 379 393 400 401 403 423 427 444 450 454 458
381 70 122
382 3 23 28 132 218 297 299 339 340 371 387
383 15 49 67 84 90 97 101 106 118 128 158 167 178 185 236 240 267 302 316 319 326 361 369 378 405 408 428 460
384 11 106 131 168 201 295 296 342 366 371 390 424 449
385 14 21 22 36 72 75 101 102 120 134 151 153 158 167 194 201 217 220 225 238 240 250 252 268 279 289 292 303 309 310 324 326 347 362 367 378 383 390 411 431
386 2 3 9 29 45 88 101 112 148 189 271 292 332 371 382 438
387 73 131 346 372 374 407 419
388 15 61 84 85 96 213 216 309 462
389 9 15 19 31 52 53 77 128 153 166 174 206 226 240 255 292 298 299 307 312 315 342 348 361 364 370 373 378 411 427 435 441 450 451 457
390 35 43 53 60 84 106 115 122 153 187 203 205 263 315 318 350 362 365 384 399 410 412 443 460
391 2 8 14 23 28 36 49 52 54 58 67 85 90 100 117 134 140 148 154 202 235 237 239 246 248 249 255 289 292 293 298 303 305 306 322 325 330 345 347 392 398 400 404 410 411 421 428 447
392 15 24 33 37 81 87 93 117 120 154 161 168 174 180 203 223 233 235 236 238 315 324 350 361 370 400 405 426 447
393 18 27 36 45 64 67 81 94 144 167 176 187 196 201 210 218 280 313 343 371 378 379 394 399 400 413 438 453 460
394 18 27 56 91 92 125 161 177 233 238 261 289 321 324 326 331 369 381 390 398 410 412 454
395 6 20 21 84 106 116 160 240 308 321 324 370 379 390 457
396 73 290 309 460
397 162 185
398 15 43 53 66 147 160 180 188 200 201 233 292 293 299 302 348 410
399 15 44 56 186 278
400 1 52 53 58 81 85 93 107 117 118 141 144 153 155 166 187 235 246 249 254 260 265 279 280 293 299 301 314 316 319 328 335 347 371 372 388 392 393 394 408 411 421 424 433 447 456
401 20 25 29 40 48 62 74 121 178 186 211 218 226 280 289 292 293 323 377 390 399 431 454
402 23 30 34 48 109 157 179 180 203 375 382 390 397
403 27 31 82 96 108 139 173 224 251 292 349 381 396 451
404 15 30 47 137 203 223 224 308 323 328 332 433
405 0 70 115 116 120 121 153 178 192 203 222 233 239 267 281 305 308 322 336 350 369 414 417 439
406 10 91 122 187 218 309 318 323 331 351 370 375 399 410 431 434
407 117 146 205 354 419
408 6 16 87 132 150 286 296 303 382
409 27 48 76 171 180 227 253 265 322 335 419 458 464
410 61 130 131 224 248 281 300 303 325 326 354 363 370 410 419 443 451 452
411 57 60 78 85 90 93 104 107 116 122 124 151 160 169 172 189 196 203 217 226 271 280 289 298 299 303 317 342 350 351 354 366 370 394 398 405 451 461
412 44 51 66 70 112 213 243 303 309 370 373 390 400
413 4 5 15 48 76 90 135 174 205 261 272 283 321 332 359 379 381 392 395 407 409 419 454 464
414 0 19 54 58 61 112 121 150 203 208 228 275 292 402 426 436 457
415 8 14 33 70 90 117 134 141 157 189 202 247 255 287 289 298 303 328 342 355 356 391 393 401 411 418
416 137 187
417 23 66 100 104 168 215 243 281 325
418 42 74 86 109 157 196 228 270 297 313 328 342 360 366 370 453
419 20 50 62 70 75 113 124 131 146 202 224 253 287 337 346 348 419 451
420 2 44 54 61 68 102 117 131 147 179 186 198 202 240 275 302 384 388 400 435 449 460 461 462
421 18 21 37 69 73 106 107 116 118 120 124 136 137 154 159 165 168 171 189 208 216 223 244 264 295 309 310 311 315 330 343 346 354 369 375 377 381 388 392 410 427 438 452 461 462
422 70 75 96 180 265 295 381 413
423 240
424 0 6 32 33 67 72 84 98 114 120 125 126 132 148 150 151 178 186 189 202 222 236 271 285 287 305 362 363 386 405 410 419 430 434 438 458 461
425 4 12 20 25 39 55 72 73 78 81 91 111 116 121 125 131 132 146 155 164 169 176 183 185 187 189 212 223 224 233 243 245 257 266 267 296 298 302 305 333 337 346 349 350 359 407 410 411 420 430 433 442 453 461
426 20 44 70 92 132 137 216 266 286 292 336 346 347 370 394
427 1 16 42 90 95 122 131 144 160 176 181 233 238 240 268 298 303 305 309 316 323 350 366 369 370 371 373 407 440 459 461 462
428 14 37 39 42 67 69 71 82 91 96 116 122 128 134 151 157 172 184 212 216 217 223 229 234 243 247 271 280 329 331 346 393 397 400 416 423 426
429 28 54 76 117 153 157 180 240 358 390 419
430 6 7 35 70 98 115 118 126 155 164 189 223 293 320 330 332 379 381 404 443
431 19 40 45 58 112 113 125 126 138 186 201 211 225 239 283 323 358 426 433 457 462
432 7 32 85 91 109 115 120 178 200 201 215 244 253 448
433 63 98 137 204 292 390 391 441
434 57 71 100 105 106 166 178 182 188 255 263 371 433
435 0 17 30 54 57 70 78 87 120 170 177 179 190 200 203 233 243 252 263 271 285 290 302 303 310 354 378 388 392 411 431 452 458
436 26 108 122 147 305 322
437 4 33 37 46 86 132 178 196 212 250 261 265 290 298 319 350 370 404 417 418 441
438 9 54 57 159 189 225 229 299 313 322 340 359 464
439 60 136 149 157 292 296 322 438
440 44 48 57 93 111 137 200 253
441 22 50 85 151 185 240 309 337 341 441
442 11 20 31 50 61 69 72 79 132 150 178 180 202 207 213 214 227 268 290 295 296 303 324 333 334 336 348 359 373 378 382 423 441 457 461
443 26 30 101 171 200 259 278 298 385 412
444 25 45 60 62 89 132 190 213 216 225 230 240 288 364 382 458
445 13 14 17 28 33 77 79 104 117 133 139 150 152 163 180 185 213 214 241 243 246 274 294 295 303 306 335 336 354 357 405 424 427 436 441 442 447
446 20 175 423
447 76 87 93 98 105 117 138 153 154 177 201 227 230 236 244 261 263 273 279 292 301 310 324 326 363 370 431 458
448 3 6 85 95 124
449 7 19 20 22 30 36 40 49 62 97 115 120 122 125 132 133 167 184 185 213 243 244 245 272 281 298 359 375 393 398
450 3 22 104 132 261 310 348 362 363 368
451 52 74 106 157 196 207 223 243 293 303 309 346 352 423 438 461
452 57 89 91 221 329 336 337 346 403 443 457 458
453 5 53 92 96 168 182 229 253 458 460 462
454 48 63 211 281 325 359 370 388 402 434 452
455 3 137 146 266 395 457
456 49 85 105 107 115 225 235 240 309 366 394 405 414 421 432 433 452
457 22 62 70 78 93 122 146 153 187 228 230 253 290 346 347 376 390 412 419 426 434 443
458 5 14 43 78 94 112 119 125 134 157 202 217 253 263 303 305 328 329 335 343 346 347 350 356 369 394 406 411 454 461 462
459 5 7 33 52 59 81 115 120 126 133 137 141 144 148 151 242 249 261 267 290 295 299 334 337 351 382 388 411 413 433 443
460 1 7 21 57 73 87 90 114 116 137 139 147 151 164 177 202 203 223 240 261 274 276 277 310 328 329 331 336 361 384 392 398 452 454 460 462
461 27 37 60 63 78 91 93 97 131 150 151 154 160 174 226 240 256 264 269 274 292 300 311 338 342 345 346 376 388 405 430 435 457
462 0 120 138 225 299 359 365 390
463 0 3 12 41 60 81 88 90 112 119 122 131 132 159 199 210 220 229 230 236 238 242 247 269 271 300 301 309 337 341 343 362 363 369 371 386 411 415 424 438 444 462
464 10 40 120 151 309 347 350 352 384 444
