#causal_discovery_pcmci.py data/latest_sp500_return_80.csv 1 latest_sp500 pcmci
# GMT Sat Sep 28 22:20:42 2024
# 
0 0
1 1
2 2 72 373
3 3 40
4 4 329 358 404
5 5 43 66 103 154 344 347 431
6 6 82 144 156 209 210 307 333 408
7 7 47 181
8 8 0 17 20 24 30 33 38 40 41 55 61 79 95 108 110 111 127 150 169 206 207 208 212 224 225 247 259 283 288 297 304 313 323 326 333 348 354 378 383 388 407 416 425
9 9
10 10 13 19 43 67 77 80 147 174 232 259 289 342 350 356 367 411 458
11 11 60 151 181
12 12 19 30 47 101 114 125 127 160 161 163 165 173 193 217 233 238 247 254 259 289 298 342 347 350 366 380 388 394 435 450 452 458
13 13
14 14
15 15 199
16 16 19 429
17 17 23 31 43 47 50 54 62 72 83 84 85 91 96 97 101 110 115 116 120 128 133 140 150 170 173 175 177 184 193 200 203 208 213 216 220 243 245 250 256 272 275 289 306 310 311 323 337 338 344 352 357 366 380 383 384 394 396 397 414 420 432 439 440 442 445 461
18 18
19 19 163
20 20 256 271 272 382
21 21 39 144
22 22
23 23
24 24 163 203 252 284 336 373 378 418 431 446
25 25 62 69 163 274
26 26
27 27
28 28 14 18 33 48 77 81 112 113 120 124 134 152 156 159 172 173 210 253 271 288 315 316 317 328 371 385 408 415 463
29 29
30 30 36 38 97 135 255 275 278 308 403 453 454
31 31 29 157 229 234 239
32 32 0 51 59 68 84 86 91 96 116 125 144 239 246 249 276 279 293 377 392 406 424 459
33 33
34 34 162 218
35 35 79 193 227
36 36 42
37 37 223
38 38 72
39 39 6 9 16 22 33 34 37 45 47 48 56 63 64 81 87 110 123 128 129 132 143 158 184 194 195 199 241 318 322 365 371 416 417 424 438 454
40 40
41 41
42 42 129
43 43 88
44 44
45 45
46 46 59 93 127 191 202 203 216 247 263 296 305 309 325 351 356 443 458
47 47 66 69 149 155 187 222 237 280 301 390 398
48 48
49 49 275 434
50 50
51 51 157
52 52 21 57 130 147 199 238 240 276 277 338 350 435 458
53 53 106 244 452
54 54 0 6 65 82 83 109 144 169 185 190 213 229 304 320 359 362 370 371 388 402
55 55 290 362
56 56
57 57 10 122 266 275 370
58 58
59 59
60 60 19
61 61 185
62 62 5 230
63 63
64 64 30
65 65 90 288
66 66 83 138
67 67
68 68 12 86 121 171 362
69 69
70 70
71 71 135
72 72
73 73 168
74 74 299
75 75 163
76 76 9
77 77
78 78 256 375
79 79 32 118 153 179 257 302 372 387 400 419
80 80
81 81
82 82 55 226
83 83 135
84 84 11 143
85 85 211 413 454
86 86
87 87
88 88 344
89 89 173 216 221 367
90 90 2 17 18 21 33 39 40 42 61 65 69 71 76 109 121 134 144 147 148 164 167 171 178 198 200 203 206 213 217 221 226 230 231 234 239 245 247 250 253 254 259 274 276 281 284 292 310 311 319 323 325 333 339 351 354 357 378 397 398 415 435 436 437 443 450 453 459
91 91 26 63 97 255 294 443
92 92
93 93 430
94 94
95 95 273
96 96 124 184 259 306 314 355 436
97 97 3 4 6 9 14 15 24 29 30 31 32 35 36 38 39 40 44 45 47 48 51 56 58 61 62 63 64 65 70 71 76 77 79 81 83 88 92 93 95 100 101 102 109 111 112 113 114 115 116 120 121 123 125 127 128 131 132 136 139 145 146 147 151 153 157 159 160 162 164 166 167 168 170 171 172 177 178 179 180 182 183 189 192 194 195 197 200 201 203 204 205 206 207 208 209 217 218 222 225 226 229 230 231 233 234 240 241 242 244 247 248 250 251 253 255 256 258 268 271 274 276 277 278 281 284 290 292 293 296 299 302 305 307 308 311 313 315 316 317 319 322 324 325 326 328 333 335 337 341 342 344 345 346 347 352 357 360 363 366 367 368 369 371 372 374 378 379 382 383 384 385 386 387 390 393 394 395 397 398 399 402 405 407 412 414 415 418 419 420 425 427 428 429 430 435 437 438 439 440 452 453 454 455 456 457 459 461 462 463
98 98 142 216 264 285
99 99 12 23 27 30 33 40 48 49 54 61 66 69 78 89 90 92 127 129 130 131 134 146 151 160 161 164 165 167 186 187 191 200 202 203 208 216 217 233 234 245 250 263 272 274 281 283 289 292 298 303 311 323 326 342 346 347 356 357 364 368 375 390 394 397 398 413 417 451
100 100
101 101 332
102 102
103 103
104 104
105 105 21 73 97 137 174 280 304 460
106 106 162
107 107
108 108
109 109
110 110
111 111 215 245 302 310 440
112 112 33 59 78 303
113 113 48
114 114 286
115 115 25 94
116 116
117 117 178 434
118 118 22 99 156 337
119 119
120 120 64 70 91 104 155 182 195 266 275 393
121 121
122 122 3 36 72 141 209 254 295 321 360 363 380
123 123
124 124 209
125 125
126 126 133
127 127
128 128 50 54 186 214 227 409 410 445 457
129 129 28 122 135 188 361 436 440
130 130 201 439
131 131 10 15 61 71 153 215 266 281 302 324 326 417 446
132 132
133 133 5 12 13 27 30 40 43 51 68 72 89 90 103 121 125 146 154 160 161 165 173 178 186 187 198 217 222 232 233 238 240 281 283 298 311 317 336 342 346 347 349 354 368 373 398 406 410 412 419 436 445 451 457
134 134
135 135
136 136
137 137 129 314
138 138 16 18 74 104 141 423
139 139
140 140 168 352
141 141
142 142 8 98 198
143 143 434
144 144 10 17 23 100 243 273 274 334 408
145 145
146 146 57 69 151 354 435 459
147 147
148 148 135
149 149 172
150 150
151 151 405 410
152 152
153 153 97 135
154 154 462
155 155 17 19 36 37 38 71 76 77 87 107 116 117 145 177 180 184 192 193 231 237 239 243 245 253 255 278 279 281 288 313 316 328 354 357 359 365 372 383 391 405 417 449 453 454
156 156 46
157 157
158 158
159 159
160 160 91 99 363 409 438
161 161 152 240
162 162
163 163 186
164 164 88 315
165 165
166 166
167 167
168 168
169 169 256
170 170 54
171 171 21 57 103 139 277 427
172 172 49
173 173 12 51 90 101 102 130 167 171 222 247 254 289 292 311 328 329 357 397 415
174 174 9
175 175
176 176 141
177 177
178 178 30 64 83 338 363 413
179 179
180 180 70 195
181 181 10 35 168 358 446
182 182
183 183
184 184 273
185 185 103 191 263 274 303 364
186 186 18 26 27 44 66 89 127 130 161 240 284 292 300 311 317 346 394 410 422
187 187 392
188 188 46
189 189 10 38 55 70 257
190 190 8 28
191 191
192 192
193 193
194 194
195 195 90 166 213 251 270 311 339 380 403 406 452
196 196
197 197 72 232 254 370 436 442
198 198
199 199 1 97 102 149 151 243 304
200 200 115 128 153 409
201 201 34 100 265 324
202 202 2 348
203 203 144
204 204
205 205 90
206 206
207 207 222 426
208 208
209 209 75
210 210
211 211
212 212
213 213 69 274 356 411
214 214 6 119 195 223 231 232 393 399 418
215 215
216 216 331 410 412
217 217
218 218 205 282
219 219 268 329
220 220
221 221 28 90 247
222 222 145 182 247 296 327 374 423 438
223 223 5 124
224 224 31 101 134 140 189 193 203 263 344 445
225 225 28 50 51 107 126 141 150 158 163 178 217 233 238 249 268 373 392 398 400 406 419 445
226 226 90 114
227 227
228 228 412 462
229 229 29 212 294 363 438
230 230 251
231 231
232 232
233 233 332 346
234 234
235 235
236 236 94 205
237 237 1 17 24 37 39 42 49 55 70 96 117 120 122 128 167 169 171 177 178 185 192 212 220 243 245 249 253 257 259 273 279 292 304 313 329 333 354 376 379 388 400 403 420 452 453
238 238 372
239 239
240 240 43
241 241
242 242 48
243 243 3 75 244
244 244
245 245 100 169 205
246 246 343
247 247 19 231 251 328
248 248 21 43 69 77 101 125 134 147 157 181 249 253 290 310 341 350 365 436
249 249 168 318 331 370
250 250 79 87 350
251 251 125 146 147 157 171 173 178 331 333 338 419 429
252 252
253 253 241
254 254 409 453 464
255 255 27 30 43 66 170 243
256 256 140 184
257 257 73 150 175 262 266 337 383 384 417 420 461
258 258
259 259 321
260 260
261 261 10 110 122 168 188 196 273 304 348 353 376 430 437 446 447
262 262 350
263 263 103 276 341 438
264 264 16 30 64 179 257 275 354 383
265 265
266 266 84 91 380
267 267 21 427
268 268 101 435
269 269 2 86 101 214 217 295 325
270 270 47
271 271 68 125 160 309
272 272
273 273 11 94 101 103 117 157 158 206 207 226 228 237 280 289 309 317 323 428 435 437 459
274 274 389
275 275 17 20 30 31 38 39 42 48 49 55 65 66 79 90 92 111 130 131 147 166 174 179 182 183 199 201 207 221 257 261 266 277 278 279 280 284 285 297 298 301 302 308 316 317 339 375 377 384 395 398 413 420 428 435 457 459 464
276 276
277 277 302 388
278 278 56 91 123 195 275 293 440
279 279 4 47 83 197 322 438
280 280 8 219
281 281
282 282 62 288 289 364
283 283
284 284
285 285 57 139 242 427
286 286
287 287
288 288 145 282
289 289
290 290 346
291 291
292 292 21 48 57 97 243 290 333 353 403
293 293 144 462
294 294 19 145 161 192 232 252 313 334 341 364 406
295 295 30 163 214 223 244 328 389 415
296 296 3 88 208 222 251 261 329 334 341 365 386 387 393 401 415 416 455
297 297
298 298 70 185 191
299 299 90
300 300 64 444
301 301 221 434
302 302
303 303 20 26 30 55 111 131 150 179 201 212 236 257 304 306 335 337 352 354 375 376 378 410 420 435 445
304 304 54 303
305 305
306 306 245 403
307 307 13 62 74 104 244 394 442 444
308 308
309 309 20 40 51 52 55 57 65 76 85 99 110 141 164 166 179 180 185 188 205 206 212 213 232 234 235 239 242 246 250 277 279 280 302 339 348 388 400 406 427 443 447
310 310 41 74 129 291 342 454
311 311
312 312
313 313 38 131 153 167 179 278 299 372
314 314
315 315 464
316 316
317 317 182
318 318 125 159 335 458
319 319 21 208 247 282 410 448 454 457
320 320 13 15 18 21 26 28 31 51 72 106 107 108 111 114 131 134 147 151 153 160 163 170 179 183 195 196 198 201 204 206 214 236 241 243 251 252 254 266 269 272 275 276 277 283 295 297 298 302 306 307 312 317 331 332 336 337 342 346 350 354 373 378 380 387 388 394 395 398 409 419 420 424 427 435 436 451 452 460 461 464
321 321
322 322
323 323 187 232 410 441 451 457
324 324 23 136 215 229 251 268 311 430
325 325
326 326 43 74 79 103 146 195 356 365
327 327
328 328 454
329 329
330 330 300
331 331 380
332 332
333 333 62 351
334 334
335 335
336 336
337 337 266 368 446
338 338
339 339 34 274
340 340 3 45 112 162 189 248 371 386 412 454
341 341
342 342 84
343 343
344 344
345 345 17 20 55 70 79 98 111 169 178 185 212 224 257 266 296 302 304 320 350 376 388 393 402 423 425 453
346 346 27 44 68 71 72 78 89 130 163 170 191 202 203 214 226 263 276 295 303 309 317 350 351 373 397 398 404 411 452
347 347 9 64 229 409 424
348 348 68
349 349 7
350 350
351 351
352 352 8 11 17 20 55 111 169 179 185 188 223 224 257 302 304 348 358 362 376
353 353
354 354 11 216 255
355 355 46
356 356 39 43 71 72 84 88 90 107 133 136 165 191 193 200 202 203 229 245 252 254 280 284 293 298 336 368 421 426 428 456
357 357
358 358 160 392
359 359
360 360 149
361 361 21 51 57 69 85 86 93 108 112 115 151 154 173 198 240 274 276 277 283 290 293 298 351 378 381 384 391 395 401 407 412 421 426 445 451
362 362 128
363 363
364 364 36 42 56 83 104 143 174 187 206 231 311 326 330 342 346 410 427 431
365 365 64 350
366 366 1 17 20 67 111 113 131 141 169 174 178 183 185 212 224 237 240 275 291 296 304 313 337 354 370 376 388 390 425 427 434 461
367 367 225 378 434
368 368
369 369 85 314
370 370 24 78 121 125 397 400
371 371
372 372 69 275
373 373 324
374 374 152 396
375 375
376 376
377 377 135
378 378 331 380
379 379
380 380 92 243 269
381 381
382 382
383 383 49 333
384 384 366 390 399
385 385
386 386
387 387
388 388
389 389 374 454
390 390 187 205 264 309
391 391 141
392 392
393 393 100 270
394 394
395 395 321
396 396 290
397 397 9 83 125 195 393 454
398 398 243
399 399 47 233 238 392
400 400 12 40 48 67 76 87 144 242 270 272 323 334 409 432 447 453 462 464
401 401 12 121
402 402
403 403
404 404 20 35 39 49 51 111 201 221 224 239 257 280 290 291 302 308 367 376 388
405 405
406 406 275 409
407 407 33
408 408 147 259 275 382 436
409 409 128 454
410 410 43 71 73 78 151 240 342 347 365 367 394 404 430
411 411 266 280 292 329 393
412 412
413 413
414 414 70
415 415 393
416 416
417 417
418 418
419 419 97 332
420 420
421 421 18 340 410 445
422 422 2 5 14 43 68 78 85 103 107 112 140 154 164 191 197 213 263 295 297 305 343 350 356 360 386 392 396 400 408 409 411 413 421
423 423
424 424 9 11 14 26 64 81 140 148 159 195 229 258 340 361 382
425 425 73 82 176 189 262 264 271 340 382 420 435
426 426
427 427 273
428 428 9 12 13 19 27 30 44 50 52 66 67 71 74 78 107 121 122 125 127 134 144 154 160 161 163 165 187 199 203 216 217 233 235 238 243 250 253 254 265 281 283 284 292 298 312 314 315 334 335 336 346 347 351 366 367 373 385 398 400 406 415 421 432 433 440 449 452 456
429 429 117 283
430 430
431 431 13 50 88 112 227 312 336 442
432 432
433 433 4 70 195 266 393
434 434 0 16 20 28 34 43 46 52 55 73 78 98 103 146 150 153 157 166 178 179 180 185 188 224 251 255 257 263 266 278 292 299 327 358 376 403 422 433
435 435
436 436 70 122
437 437 12 130 298 347 440
438 438
439 439 136
440 440
441 441 30 49 66 76 79 103 107 131 151 154 160 170 174 216 240 244 252 329 335 350 366 373 394 412 449 451 452 457 460
442 442 333
443 443 43 68 120 166 181 240 246 254 298 305 378 429 445
444 444 219
445 445
446 446 1 140 164 333 460
447 447 5 43 68 78 103 176 263 363
448 448
449 449 262
450 450
451 451 423
452 452
453 453 286
454 454
455 455 459
456 456
457 457 347
458 458 66 134 184 195 207 220 228 237 245 253 286 309 398 436 449 461
459 459 115 243 417 424
460 460 128
461 461
462 462 42 136 146 176 181 196 207 230 238 252 265 307 320 328 331 353 359 419 429
463 463
464 464 273
