#causal_discovery_pcmci.py data/latest_sp500_return_80.csv 2 latest_sp500 pcmci
# GMT Sun Sep 29 05:00:34 2024
# 
0 0
1 1 50 78 193
2 2 72 373
3 3
4 4 329 358 404
5 5 12 34 43 66 103 141 154 344 387 431
6 6 118 209 210 333 408
7 7 47 181 223 243 261
8 8 0 17 20 24 33 38 40 41 55 61 73 108 110 118 127 150 169 206 207 208 212 224 225 247 283 288 304 313 323 326 331 333 348 354 378 383 388 407 416 425 451
9 9
10 10 13 43 80 147 174 232 259 342 350 356 367
11 11 60 130 151 181 363
12 12 30 44 47 101 114 125 127 160 163 165 193 217 233 238 244 247 254 261 289 298 342 347 350 366 394 450 451 452 458
13 13 53
14 14
15 15
16 16 44 91 429
17 17 31 43 47 50 54 62 72 76 83 84 85 91 96 97 101 115 128 133 140 150 170 175 177 184 185 193 200 203 208 212 213 216 220 243 245 250 256 272 275 289 304 306 307 310 311 336 337 338 344 349 352 357 383 384 394 396 397 398 401 420 432 435 439 440 445 453 459 461
18 18 181 320
19 19 163
20 20 262 272 310 345 444
21 21 33 39
22 22 293
23 23
24 24 120 121 163 252 373 378 418 431 446
25 25 62 163 274 288
26 26
27 27
28 28 6 14 18 33 48 74 77 112 113 120 124 134 152 172 173 210 217 253 271 288 315 316 317 328 385 408 415 416 431 463
29 29 191
30 30 36 97 278 403 453 460
31 31 157 239
32 32 0 59 84 86 91 105 116 125 144 155 239 249 293 310 377 379 383 392 406 424
33 33 71 117
34 34 126 162 186 218
35 35 79 100 227 273 312 373 434
36 36 42 151 348 390
37 37 0 268
38 38 396
39 39 6 9 16 22 33 34 45 47 48 56 63 64 81 86 87 105 110 123 128 129 184 194 195 199 207 211 241 318 322 339 340 365 371 413 424
40 40
41 41 88 152 173 351 369
42 42 129 286
43 43 13 47 49 72 146 177 187 193 226 227 230 232 265 317 336 337 342 441
44 44 358
45 45
46 46 18 22 25 28 36 40 47 56 64 67 77 85 118 120 121 123 129 130 158 166 167 172 182 195 197 202 203 210 216 221 246 247 248 253 263 278 284 296 299 300 315 324 327 328 351 356 365 371 399 400 414 415 432 438 443 450 455 456 458 462 463
47 47 66 187 237 463
48 48
49 49 275 359 388 434
50 50 55 221
51 51 157 225
52 52 21 57 147 238 277 338 350 458 459
53 53 44 85 90 102 106 117 122 125 128 136 145 154 157 177 217 235 245 254 255 260 276 292 298 301 341 355 357 377 392 447 452 458 459
54 54 0 46 65 82 109 213 216 229 304 329 359 362 370 371 388 402
55 55 337 362 383
56 56
57 57 10 240 370
58 58
59 59 97 122 155 207 301 447
60 60
61 61 153
62 62 5 230 287
63 63
64 64
65 65
66 66 83 138
67 67 8
68 68 4 15 19 42 57 76 89 92 94 113 121 131 139 143 147 158 182 214 217 259 277 292 295 300 321 323 328 345 350 354 362 378 407 410 419 431 435
69 69
70 70 59 406
71 71
72 72 121 130 140 166 208 213 268 278 290 300 369 371 410 450 451 452 454
73 73 143 168
74 74 58 103 211
75 75 163 210
76 76 182
77 77
78 78 4 10 12 15 17 20 24 28 31 32 36 38 39 54 55 56 63 64 70 81 83 111 123 126 137 144 145 148 167 169 176 178 181 183 184 192 195 197 201 203 204 206 210 212 220 224 231 241 247 253 256 261 266 267 272 273 275 280 287 302 304 313 316 324 326 340 362 365 383 385 388 391 393 399 409 413 420 425 430 439 453
79 79 5 6 8 9 10 14 28 29 32 42 45 55 59 65 85 88 98 107 111 118 120 124 133 137 141 144 145 150 153 156 158 159 166 168 182 192 194 206 210 212 221 224 225 234 235 236 245 246 254 255 257 264 266 267 271 279 287 290 299 302 304 313 314 315 325 329 339 340 345 356 357 359 362 365 372 380 386 387 388 393 397 399 406 408 411 419 424 432 456 458
80 80
81 81
82 82 226
83 83 286
84 84 143 330
85 85 15 91 211 261 413
86 86 2
87 87 323
88 88 344
89 89 33 173 216
90 90 2 18 33 61 65 69 76 109 121 144 147 164 167 171 178 200 203 217 225 231 234 239 242 250 253 259 274 276 281 292 311 325 339 348 354 357 378 397 415 436 437 439 443 450 452 459
91 91 97 160 240 294 436 443
92 92 199
93 93 135 144 174 324 453
94 94
95 95
96 96 17 26 122 124 184 259 306 314 323 355 436
97 97 3 4 6 9 10 14 24 29 30 31 32 35 36 38 39 40 44 45 47 51 56 58 61 62 63 64 65 71 76 81 85 88 92 93 95 98 100 101 102 109 112 113 114 115 116 120 121 125 127 128 131 136 137 139 145 146 147 148 151 153 157 159 162 164 166 167 168 170 172 177 178 179 180 183 192 194 195 197 200 203 204 205 206 208 217 218 225 226 229 230 231 233 234 235 241 242 244 247 248 250 253 255 256 258 268 271 274 276 277 278 281 284 290 292 293 296 299 303 305 306 307 308 311 313 315 316 317 319 322 324 326 327 328 333 341 344 345 346 347 352 357 360 363 366 368 369 371 372 374 378 382 383 384 385 386 387 390 393 394 395 397 399 401 402 405 407 412 414 415 418 419 425 428 430 435 437 438 439 440 452 453 454 455 456 457 459 462 463
98 98 142 191 216 285
99 99 2 23 27 30 33 40 44 48 49 54 61 66 69 78 80 89 90 92 97 124 127 129 130 131 134 136 139 146 151 160 161 164 165 167 186 187 200 202 203 208 216 217 233 234 250 263 272 274 276 281 283 289 298 303 309 311 323 324 326 327 342 346 347 357 364 368 375 379 384 390 394 397 398 412 413 417 419 443 451 461 464
100 100 79 257
101 101
102 102 143 395
103 103 238 267 282
104 104 294
105 105 7 73 75 137 280 301 460
106 106 68 102 162 319 349 437 462
107 107 98
108 108 384 434
109 109 89
110 110
111 111 101 461
112 112 33 59 78 289 303
113 113
114 114 113 158 286 368
115 115 25 94 222 325 363
116 116
117 117 104 292
118 118 99 156 170 309
119 119 53 99 408
120 120 25 70 91 104 126 195 266 273 275 393
121 121 261 320
122 122 36 55 72 105 119 138 141 295 321 360 380
123 123
124 124 209
125 125 174 234 342 399 434 438
126 126 133 339
127 127 91 269
128 128 50 186 214 240 257 409 430 457 459
129 129 2 28 80 135 188 269 320 361 440
130 130 439
131 131 10 15 44 61 67 128 153 215 244 266 292 302 324 345 361 417 446
132 132 228
133 133 2 5 12 13 18 21 23 26 27 30 43 44 49 51 54 57 72 87 89 91 97 105 125 126 131 139 140 142 146 154 160 165 178 179 186 187 198 214 217 233 244 253 261 281 283 285 295 298 311 317 319 335 336 342 345 346 347 348 349 354 367 368 373 375 382 384 392 406 410 412 419 427 445 451 457
134 134 437
135 135 19 30 45 75 76 103 106 153 208 314 340 342 343 415
136 136
137 137 314 380
138 138 18 45 104 141 174
139 139 31 57 151 184 200 277 292
140 140 168 352
141 141 377
142 142 8 14 98 198
143 143 25 401
144 144 10 24 100 243 273 274 408
145 145
146 146 147 151 212 266 354 435 459
147 147 3 30 64 159 208 371 411 420
148 148 135
149 149
150 150
151 151 130 410
152 152 288 366
153 153 9 20 55 60 97 111 121 137 151 166 169 212 238 240 260 266 294 304 309 412 462
154 154 142
155 155 3 17 19 26 36 37 38 42 71 76 87 95 107 116 117 145 150 166 177 180 184 192 235 243 245 253 255 278 279 281 288 310 313 316 328 349 357 359 365 372 379 382 383 391 398 405 429 432 448 449 453 456
156 156 46
157 157 294
158 158
159 159
160 160 167 326 363 393 440 454
161 161 140 152 240 457
162 162 171 185 201 220 256 281 304 377 417 449
163 163 186
164 164 88 157 218 275 341
165 165
166 166 17 229 256 425
167 167 390
168 168 20 30 49 55 58 93 111 112 114 183 201 240 271 308 350 389 401 406 409 425 435 438 439 455 459
169 169 42 97 99 155 256 320
170 170 15 34 54 346 431
171 171 102 103 189
172 172
173 173 12 51 102 130 167 222 247 254 292 311 328 349 355 357 397 415
174 174 9 16 23 57 81 135 142 220 225 251 279 299 310 337 339 381 403 409 435 438 445 463
175 175
176 176 53 69 141 315 330 394 459
177 177 86 222 405 431
178 178 30 173 186 214 323 338 348 413 460
179 179 291
180 180 44 59 70 76 90 91 127 195 202 250 294 397 414 453
181 181 2 10 14 101 148 168 358 370 374 424 429 446
182 182
183 183 176 340 363 451
184 184 240
185 185 68 103 201 246 263 274 364 411 431 433
186 186 18 27 66 89 127 161 240 261 284 292 317 341 342 346 394 410
187 187 15 380 388
188 188 46
189 189 38 55 70 422
190 190 8 18 230 394 412 457
191 191 224 422
192 192
193 193 22 31 32 38 155 204 269 270 273 275 296 354 361 420 422 461
194 194
195 195 270 403 438
196 196 133
197 197 370 442
198 198
199 199 102 149 243 259
200 200 70 128 153 409
201 201 100
202 202 19 95 118 180 185 188 304 349 361
203 203 115
204 204
205 205 89 134 191 202 310 362 408
206 206 200
207 207 102 179 222 322 363 426 438
208 208
209 209 75
210 210
211 211 13 19 27 31 69 71 78 84 86 116 130 131 133 136 151 160 198 233 240 244 254 256 276 285 289 298 305 311 335 346 347 350 354 364 398 411 414 420 440 445 456
212 212 66 74 177 416
213 213 59 69 401
214 214 81 195 223 225 229 231 232 393 399 418
215 215
216 216 23 60 67 68 77 86 90 93 125 134 153 165 167 173 191 196 200 202 203 215 217 239 240 249 250 251 252 274 276 281 292 298 308 309 323 331 334 338 344 346 363 368 380 389 397 402 406 411 412 414 415 417 426 438 455 458 459 462
217 217 11 55
218 218 0 6 10 11 17 22 28 117 122 167 169 178 185 193 205 220 224 245 269 279 282 296 301 304 306 319 333 351 376 428 430 432 437 446
219 219 102 112 113 138 215 217 263 268 272 305 329 340 343 356 387 394 464
220 220 443
221 221 28 247 251
222 222 145 182 229 247 296 327 423
223 223 5 11 124
224 224 12 13 90 98 134 160 170 181 186 203 245 263 298 303 315 334 344 346 355 412 423 441 445 454
225 225 28 32 50 51 107 126 133 136 141 144 150 163 178 196 210 214 217 233 238 249 256 354 373 392 400 419 445
226 226 90 114
227 227 98 221
228 228 29 60 78 102 107 117 121 136 152 154 165 180 196 216 217 233 235 236 254 263 281 289 293 299 319 328 340 343 344 347 351 356 368 386 392 414 421 426 431 440 462
229 229
230 230 83
231 231 307
232 232 51 79 144 202 266 425
233 233 261 324 332 350
234 234
235 235 48
236 236 205 350
237 237 1 2 17 24 30 39 49 55 63 70 96 117 118 120 128 155 164 167 169 171 177 178 180 185 192 212 214 220 239 240 243 245 249 253 257 275 279 292 304 313 329 333 379 388 391 400 403 413 420 452 461
238 238 372
239 239
240 240 3 15 34 43 192 267 271 272 316 362 378 399 417
241 241
242 242 36 48
243 243 3 35 45 70 75 122 376 384 388 403
244 244 107 432
245 245 205 311 388 456
246 246 343 434
247 247 138 231 251 328 408
248 248 21 43 69 77 101 103 125 134 147 157 191 249 253 256 290 310 341 350 365 388
249 249 168 318 331 370
250 250 39 79 87 174 237 269 273 358 361
251 251 21 44 125 126 146 147 157 173 178 187 214 331 333 338 419 429 444
252 252
253 253 241
254 254 262 409 453 464
255 255 26 43 66 140 170 243 451
256 256 184 326
257 257 73 175 184 266 337 383 384 396 417 420 435
258 258
259 259 247 321 410
260 260
261 261 55 70 77 82 110 115 153 168 185 188 196 201 212 215 242 255 302 304 348 353 376 405 430 437 446 447 460
262 262 350 416
263 263 103 121 147 276 420
264 264 16 275
265 265 193
266 266 380
267 267 21 427
268 268 101 435
269 269 2 61 86 101 138 214 295 326 339 375 395
270 270
271 271 68 125 160 202 232 295 309
272 272
273 273 11 23 27 74 101 117 121 124 143 158 206 207 216 226 228 233 237 280 289 309 317 323 347 349 373 382 387 390 408 428 434 437
274 274 31 304 383 389 424
275 275 17 20 38 39 48 49 79 92 106 111 131 147 174 179 182 183 199 201 257 261 279 280 284 285 301 305 308 316 375 377 384 396 420 425 428 435 457 464
276 276 208
277 277
278 278 23 56 123 140 151 195 205
279 279 4 47 83 131 322 323 438 450
280 280 8 140 264 372
281 281 239
282 282 62 288 364
283 283 240 306
284 284 201
285 285 5 43 57 58 67 139 303 343 401 464
286 286 87 146 157 341 365 385
287 287 42 353
288 288 145 212 282 291 328 329 443 457 461
289 289 294
290 290 5 27 30 44 50 60 68 69 78 93 125 134 142 160 173 263 276 298 303 346 351 356 442
291 291
292 292 43 48 89 91 103 133 173 256 263 290 323 333 348 353 408 458
293 293 100 104 137 211 374
294 294 12 62 138 142 145 160 162 248 251 313 326 334 380 403 406
295 295 30 93 105 163 170 214 244 328 350 389 415
296 296 3 21 88 222 251 261 341 393 397 401 416 431
297 297
298 298 1 10 20 55 70 205 353 374
299 299 86 350
300 300 126 444
301 301
302 302 29 398
303 303 7 26 156 164 171 201 212 236 248 257 304 331 348 368 375 378 388 428 461 464
304 304 29 74 294 303 345 367 457
305 305 17 167 169 204 206 224 256 292 388
306 306 303 361 403 452
307 307 12 13 62 68 74 191 442 444
308 308 390
309 309 51 52 57 65 76 127 141 166 180 188 206 213 232 234 239 242 447
310 310 12 15 26 35 41 53 61 121 129 164 189 208 248 261 267 292 296 311 342 439 454 456
311 311
312 312 72 79
313 313 24 38 131 153 278 372 396
314 314 224
315 315
316 316 366
317 317 86 239 336 361 417
318 318 125 159 458
319 319 89 208 287 346 448 457
320 320 2 13 15 18 21 26 28 30 31 51 67 72 84 106 114 119 131 134 139 147 151 153 160 163 164 174 179 183 195 196 198 204 206 214 237 241 243 251 252 254 256 260 266 269 275 276 297 298 306 307 312 331 342 346 350 354 378 380 384 387 388 394 395 409 419 420 424 427 435 451 452 460 461
321 321 288 319
322 322
323 323 69 79 80 91 107 117 121 128 129 151 154 163 170 171 174 187 214 237 243 280 285 293 306 308 337 342 373 390 391 392 395 410 413 421 441 451 461
324 324 23 136 215 229 251 417
325 325
326 326 47 74 103 146 195 356
327 327 286
328 328
329 329 84 95 116 187 248 254 280 293 318 357 360 375 387 391 452
330 330 151 300
331 331
332 332 114
333 333 351
334 334
335 335 240
336 336 190 223 371
337 337 84 368 446
338 338 318
339 339 34 47 82 95 143 274 276 287
340 340 3 45 162 271 325 371 386
341 341 267
342 342 84 449
343 343 24
344 344 62
345 345 20 55 79 111 135 168 169 178 185 218 224 257 263 304 320 350 356 376 402 423 425 426
346 346 27 44 68 71 72 78 86 89 101 130 163 170 184 191 202 203 214 226 244 256 263 276 295 303 309 310 317 329 350 351 373 375 388 397 398 404 411 452
347 347 9 229 424
348 348 191 290 412
349 349 1 7 352
350 350 3 15 16 20 23 30 31 34 55 57 60 64 72 81 83 90 98 110 111 114 115 130 135 136 137 138 152 159 164 166 173 179 184 185 190 198 200 202 203 204 208 212 215 220 225 229 230 243 245 250 251 253 256 257 258 265 266 271 272 275 277 279 283 284 288 289 292 298 302 309 310 311 313 316 317 319 322 323 337 339 348 349 351 361 362 371 378 379 380 382 386 398 403 409 411 417 420 425 433 435 438 445 448 450 459 461 463
351 351 206
352 352 8 11 17 20 55 142 169 179 185 188 224 257 302 304 348 358 362 376
353 353 25
354 354 11 62 84 91 216 255 261 263 306 364 396 454
355 355 46
356 356 39 43 50 71 72 84 136 151 191 200 203 225 229 254 280 293 298 368 421 426 428 456 459
357 357 342
358 358 137 147 160 293 385 390 392
359 359
360 360
361 361 51 57 86 93 108 112 154 198 224 252 260 290 298 351 391 421 445 451
362 362 102 128 174 227 244
363 363
364 364 36 42 56 83 104 111 143 169 186 206 224 231 258 277 283 326 330 342 346 369 376 410 427 431 451
365 365 50 163 180 214 243 291 312 336 350 373 442 451
366 366 1 7 10 17 20 31 67 111 113 131 141 169 178 179 183 185 198 201 204 205 212 224 237 256 266 275 291 296 302 304 313 337 350 354 370 376 388 390 399 407 425 427 434 446 451 461
367 367 378
368 368
369 369 243 294 314 363
370 370 24 59 191 385
371 371
372 372 48 69 76 91 177 188 196 250 273 385 409 453 462 464
373 373 324
374 374 152 396
375 375
376 376 59 345 433
377 377 135
378 378 350
379 379 240
380 380 186
381 381
382 382
383 383 333
384 384 140 218 390 410 416
385 385
386 386
387 387 197
388 388
389 389 11 17 53 99 112 186 303 333 346 350 374 423 458
390 390 68 96 205 264 267 435 436
391 391
392 392 272 356 434
393 393
394 394
395 395 321 377
396 396 79 140 252 290 395 444
397 397 125
398 398 139 243
399 399 233 238 338 392
400 400 12 37 40 76 87 122 137 144 236 272 323 334 342 359 370 409 411 432 447 453 464
401 401 12 161 240
402 402 325
403 403
404 404 20 35 49 51 111 190 201 221 224 257 290 291 302 308 367
405 405
406 406 339 409
407 407 33
408 408 147 436
409 409
410 410 6 22 32 37 42 61 71 73 74 78 122 127 151 178 180 181 196 233 250 281 299 313 342 347 349 359 365 372 394 404 430 451 462
411 411 21 57 201 267 329 427
412 412 0 37 40 54 55 57 60 69 71 89 124 273 290 302 347 365 370 380 383 390 410 419 425 453
413 413
414 414 458
415 415 111 179 290 304 393
416 416 423
417 417
418 418
419 419
420 420
421 421 123 142 222 231 301 340
422 422 2 5 14 43 58 68 78 85 103 106 107 120 140 154 191 197 213 244 263 280 295 303 305 343 350 356 360 380 386 396 400 408 411 413 421 464
423 423
424 424 9 11 30 64 110 159 229 258 340 361 382
425 425 73 176 262 264 320 382 423
426 426 153 308
427 427 101 144 247 331 354 447
428 428 12 13 19 27 30 44 50 52 60 67 77 78 80 85 105 107 115 121 122 125 126 127 134 151 154 160 161 163 165 170 187 199 209 216 217 233 235 236 238 243 244 250 253 254 261 265 281 283 292 298 303 312 314 315 334 335 336 346 347 350 351 366 379 385 391 394 398 406 411 415 421 432 433 440 449 451 452 456
429 429 117 238 261 283
430 430
431 431 13 50 88 112 227 280 312 336 355 441 442
432 432 9 63 94 100 108 166 229 234 262 294 297 313 324
433 433 4 83 388
434 434 0 11 16 34 43 46 52 78 103 146 150 157 166 168 178 179 180 185 188 224 251 255 263 265 273 292 299 313 327 331 356 358 372 376 389 403 419 422 428 433 453
435 435 18 25 27 43 44 54 61 63 66 71 94 97 106 112 128 129 134 151 154 161 165 167 170 174 177 186 189 216 233 238 240 242 244 274 281 285 291 324 326 335 344 345 346 350 369 390 394 398 410 412 421 434 440 444 458
436 436 70 122 214
437 437 12 298 344 347
438 438 319
439 439 136
440 440
441 441 30 44 49 66 76 79 103 107 174 216 240 244 252 284 329 350 366 373 378 394 411 412 451 452 457 460
442 442 333
443 443 43 45 166 181 189 191 220 236 254 298 305 378 429
444 444 109 270 353
445 445 376
446 446 333 460
447 447 5 43 78 103 176 191 192 363
448 448 66 198
449 449 51 109 213 262 331
450 450
451 451 53
452 452 2 14 20 21 26 27 28 30 31 36 37 39 44 49 51 52 55 57 65 73 77 78 84 85 88 90 91 92 93 95 104 107 111 114 115 116 117 120 123 127 131 139 140 141 146 147 150 151 153 154 156 160 164 173 174 177 179 180 183 184 185 186 187 200 201 205 206 207 212 222 235 236 239 240 242 245 246 248 254 255 256 260 263 266 269 274 276 277 278 279 280 283 287 289 293 294 298 299 301 302 304 305 306 307 310 313 314 318 320 329 334 348 355 356 357 360 361 369 375 376 378 379 380 383 387 388 390 391 392 397 398 399 400 404 406 407 412 413 421 422 425 427 430 432 433 435 436 437 445 447 454 459 460 461
453 453 202 286
454 454
455 455 10 59 147 408 459
456 456 140 229 277
457 457 347
458 458 12 17 66 134 184 195 220 224 228 237 245 286 309 436 449 461
459 459 115 256 380 388 435
460 460 128
461 461 66
462 462 26 42 50 108 136 176 181 196 200 207 230 233 238 252 265 307 320 328 331 348 353 359 375 419
463 463
464 464
