#/Users/tangruijie/anaconda3/envs/l/lib/python3.12/site-packages/ipykernel_launcher.py -f /Users/tangruijie/Library/Jupyter/runtime/kernel-0794e0b6-3b17-4898-bbaf-d11e493fb309.json
# GMT Mon Sep  9 17:05:18 2024
# 
0
1 279
2 208 227 434
3
4 329
5 7 157 297 341 357
6 209 422
7
8 5 38 41 146 208 223 225 267 288 313 323 335 354 383 458
9
10 13 43 67 147 174 208 264 289 342 411
11 1 11 16 20 35 60 98 100 108 111 137 151 156 169 179 188 192 196 201 213 245 268 287 304 308 333 352 361 376 381 406 422
12 20 30 160 238 254 261
13 6 14 15 17 31 35 36 37 39 42 101 114 129 140 142 147 151 171 177 183 204 205 208 212 213 221 237 240 257 260 262 266 268 283 324 333 337 339 348 369 375 377 379 380 383 384 387 420 427 428 434 436 438 449 463
14
15
16
17 16 23 30 31 43 66 83 84 89 97 101 115 128 129 130 133 137 140 152 170 177 183 184 193 203 212 229 243 245 256 272 275 276 284 310 311 338 344 357 379 383 396 397 425 432 437 440 442 459 461
18 201 249 273 280 318 429
19
20 2 61 66 97 146 180 233 242 243 259 298 310 344 373 398 413 415 423 433
21 117 154 174 293 350 412 421 451
22
23 242
24
25 69 274 288 439
26
27
28 34 64 134 178 234 245 271 294 382 385 420 443
29
30 275 427 460
31 222 229 239 340
32 27 85 91 96 105 141 154 222 228 236 246 249 269 293 392
33
34 218
35 0 227 262
36
37
38
39 18 33 39 47 48 56 63 86 105 110 195 199 207 340 413
40
41 230
42 99 179 230
43 13 47 49 57 72 101 125 129 143 146 177 187 197 217 226 227 232 243 256 274 282 317 332 337 367 441
44 451
45
46 25 46 62 77 89 118 121 129 130 174 200 202 219 221 226 246 247 250 271 305 325 327 355 363 365 371 399 400 414 415 432 438 450 455 456 462 463
47 100 179 237 248 257 354 435
48
49 124
50 17
51
52 21 57 104 151 391 462
53 35 73 102 106 245 260 298 304 352 359 392 410 439 452
54 32 65 216 304 308 320 329 402
55
56
57 391 451
58
59 54 122 155 301 335 447
60
61 185 430
62 26 28 39 56 70 85 92 94 97 107 123 134 146 151 164 167 170 177 183 212 230 235 236 238 246 250 259 261 264 313 329 335 360 379 388 413 415 418 419 421 428 432 452
63
64 118
65 288 363
66 83 138 190
67
68 19 89 92 121 158 236 279 317 328 378 410 419
69
70
71
72 130 213 261 268 300 450 451
73 143
74 103
75 210
76
77
78 17 31 38 39 83 111 144 145 178 181 195 275 313 326 393 399 420 425 453
79 6 10 12 30 31 32 42 44 55 59 61 65 70 71 88 93 98 107 109 111 125 130 131 133 137 144 147 150 153 158 160 164 171 176 183 196 201 206 212 217 221 224 239 240 245 246 250 251 257 260 271 279 280 287 290 292 295 298 299 302 303 304 308 310 313 315 319 325 329 334 339 345 354 362 372 376 380 388 393 399 406 408 410 411 432 437 452 458
80
81
82
83
84 67 129 143 186 330
85 261 413
86
87
88 185 257
89 30 221 427
90 18 33 65 76 101 147 200 231 259 292 325 360 365 378
91 12 29 86 91 97 106 112 228 240 294 303 334 384 415 416 436 443
92
93 267
94
95
96 17 61 105 122 131 164 171 184 208 220 253 279 311 323 326 355 365 436 459
97 3 6 9 10 24 29 31 32 35 36 38 44 47 56 61 62 63 64 65 70 76 80 81 86 95 102 113 115 116 120 121 125 128 131 137 145 146 151 153 158 159 164 166 167 168 172 178 180 183 192 194 195 200 204 205 206 217 218 220 229 230 231 233 234 247 250 251 258 271 274 276 277 278 281 284 285 290 292 303 308 313 316 319 320 322 326 328 335 345 352 357 361 366 367 368 369 371 372 378 380 382 383 384 385 390 394 397 399 401 405 407 412 418 420 425 428 432 439 440 453 454 455 456 457 459 460
98 67 142 178 303 395
99 27 30 49 54 66 69 78 127 134 151 160 161 165 167 186 191 200 202 203 216 217 234 240 274 276 303 342 346 360 368 375 390 397 398 413
100 53 78 79 84 103 216 257 350 356
101
102
103 282
104
105 73 280 390
106 162 437
107
108 282
109 89 130
110
111 44 49 180 193 215 247 253 445
112 33 68
113 113 181 429
114 16 158 449
115 94 240 458
116
117
118 33 186 258 309 337
119
120 64 70 91 100 118 155 182 195 266 272 275 301 361 408
121 12 36 42 164 204 221 266 380
122 3 4 36 75 120 123 159 241 255 297 310 321 322 339 359 360 380 433 438 463
123
124
125
126 133
127
128 441
129
130
131 15 61 215 244 281 302 324 446
132 42 181 182 228
133 87 97 152 154 165 187 209 298 346 406 457
134 82 319 428
135 30 75 76 343 366 373 418
136
137
138 29 138 167
139 293
140 352
141 57 131 139 151 160 214 274 276 295 427 457
142 8 65 98 120 142 163 200 281 342 375
143
144 273 345
145
146 208
147 30 258 277 339 411
148 135
149 16 370
150
151 32 185 273 376
152 45 218 308
153 97 135 210
154 141
155 22 36 37 39 59 77 80 87 117 158 177 184 192 193 239 245 253 255 278 281 316 359 365 372 383 400 405 432 449 456 464
156
157
158
159
160 403
161 22 63 83 152 207 247 292 296 307 320 326 349 363 381 453
162 377 449
163
164 41 52 62 88 189 275 337 379
165
166 205
167 385
168 20 49 111 149 201 224 370 435 448
169 320
170 12 54
171
172 13 227 312 353 395 442
173 60 90 101 130 222 247 328 397 415
174 12 57 210 223 230 281 299 303 323 362 411 420
175
176
177 405
178 226
179
180 202 249 294 397
181 446
182
183
184
185 28 63 67 72 90 122 126 133 148 153 160 173 205 263 291 329 346 356 394 399 411 433
186
187 392
188 0 5 24 31 38 88 101 121 122 127 150 181 182 207 234 264 306 310 316 364 389 429
189 38 55 328
190 457
191 91 183 189 224 231 242 244 266 271 304 339 376
192 23 75 127 148 219 261 365 386 418
193 22 155 273
194 404
195 403
196
197 295 379 385 441 442
198
199 1 90 212 259
200
201 158 416
202 43 50 59 68 69 72 78 114 118 160 185 191 303 309 350 357 364 368
203 91 413
204 204
205 347 408
206
207 51 158 178 194 222 426 436
208 11 20 35 188 201 349
209 75 231 270 404 430
210
211 116 131 160 244 256 285 298 335 346
212
213 274
214 223
215
216 68 202 239 250 331 338 345 462
217 24 38
218 6 11 51 67 154 220 222 246 255 292 293 296 375 398 402
219
220 162 291 405 430
221 427
222
223 5 124
224 2 12 19 26 30 32 33 40 44 48 49 51 52 60 61 66 68 72 76 78 85 87 89 90 92 93 97 113 115 120 126 128 129 131 134 136 146 148 150 151 157 160 163 164 170 173 184 186 194 197 200 202 203 208 214 220 230 232 233 236 238 239 242 243 244 246 250 253 254 255 256 265 272 274 276 281 284 289 292 303 309 310 311 315 319 323 325 331 334 335 336 338 341 344 346 351 354 357 364 373 375 377 378 384 386 393 394 397 398 402 407 409 411 413 419 426 432 433 435 440 441 445 447 449 458 461 464
225 32 136 141 144 210 233 392 400 406 419 453
226 223
227 346 363 424
228 29 60 218 289 355 356 392 426 431 454
229 14 29
230
231 0 124 321
232 9 64 113 135 162 195 197 223 237 241 264 361 423 446
233 98 350 419
234 83
235
236 97 153
237 9 14 30 36 38 71 96 104 154 171 172 177 195 218 245 248 265 287 292 313 322 324 333 359 369 400 428 430
238 213
239
240 10 358
241
242
243 80 83 192 388
244 56 60 90 92 178 181 202 210 281 309 311 368 417 419 452
245 424 452
246 69 205 216 284 295 434
247 328
248 69 109 134 336 341 350 352 375
249 318
250 11 188 269 296 358 361
251 21 44 333
252 332 381
253
254
255 66 89 170 350 356
256 21 69
257 10 96
258
259
260
261 6 16 70 110 115 122 166 168 196 201 215 224 244 296 304 324 361 376 437 446
262 43 59 68 76 101 102 127 141 157 191 202 216 240 270 285 295 297 303 311 317 329 347 357 360 405 411 416 431 451 455 458
263 276 431
264 14
265
266 25 340 380
267 167 231
268
269 2 71 101 217 290 295 395
270 303 449
271
272
273 4 143 226 280 289 309 415 428 434
274 11 31
275 39 41 92 111 131 257 285 316 368 384 420 435 457
276 13 53 100 240 312 346 435
277
278 91 195 275
279 4 279
280 37 80 158 204 219 264 371 372 387
281
282 62 288
283 106 174 186 305 458
284
285 12 427
286
287 57 113 416
288 97 147 253 282 443
289
290 27 30 47 125 160 303 346 441 442
291
292 43 90 173 266 283 290 303 323 377
293 199
294 43 79 101 170 203 243 366 441
295 163 170 214 389
296 168 172 185 204 210 255 261 266 275 307 341 365 397 401 404 425 459
297
298 1 2 20 41 95 308 353
299
300 19 71 203 240 276 375
301 18 47 83 221 253 268
302 65 313
303 167 171 236 257 302 331 348 378 464
304 74 290 367 374
305
306 117 128 175 181 245 328 403 452
307 68 74 288 444
308
309 50 51 57 166 180 206 232 239 288 323 348 411 431
310 23 26 53 77 129 132 214 215 259 267 292 311 314 448 456
311
312 79
313 264
314
315
316 366
317
318 236 458
319 139 208 346 448
320 13 18 72 114 147 163 179 195 198 206 241 252 271 297 298 307 317 331 340 350 354 378 380 387 388 395 409 420 424 438 461 463
321 74
322
323 12 29 42 44 79 89 91 97 129 131 151 153 154 170 174 177 187 214 237 258 280 292 293 300 306 311 334 337 342 373 392 395 398 407 410 413 417 419 421 441 451 461
324 136 140 251
325
326 60 74 146
327 67 286
328
329 226
330 58 69 78 103 134 163 173 214 267 274 276 300 305 330 373 427 459
331
332 114
333 43 56 181 289 342
334 119
335 327
336
337 446
338 318
339 34 47 321
340 3 45 112 162 271 345 371
341 267
342 290 292 360 449
343 396 423
344
345 20 29 43 55 79 111 169 185 224 350 376 402
346 27 43 44 68 69 78 89 117 122 130 151 163 169 170 191 192 202 214 224 256 260 263 295 300 303 309 310 342 350 359 398 411
347
348 68 109 191
349 47 374
350 3 15 16 20 23 30 31 34 40 57 60 64 79 81 84 91 98 103 110 130 135 136 159 164 173 178 179 184 190 198 200 202 203 206 208 212 215 220 225 229 245 251 256 257 258 272 275 277 283 292 298 302 304 310 313 316 317 323 339 351 361 362 371 378 379 380 381 382 386 395 397 398 403 409 411 420 425 433 435 438 445 450 459 460 463
351
352 188 269 304 446
353
354 62 394 396 454
355
356 72 75 88 191 193 202 225 254 289 298 368 433 445 456
357
358 160 222 293 449
359
360 93 149
361 1 21 57 86 93 107 112 114 154 198 252 298 317 351 378 391 421 455 457
362
363
364 2 7 18 21 30 32 38 40 41 42 57 66 67 69 87 89 93 107 117 120 124 125 126 128 129 139 143 165 173 181 186 187 191 202 206 225 226 235 236 238 253 255 259 261 277 278 283 286 291 293 298 300 307 315 321 323 325 326 335 342 347 355 357 389 391 400 407 410 415 418 419 421 427 431 433 441 452 460
365 50 336 350 442
366 7 10 20 31 131 141 169 179 185 212 219 224 256 262 266 304 323 337 376 388 390 399 425 434 461
367 70 96 196 225 296 318 378
368
369 361
370 10 24 141 171 178 188 191 207 212 280 320 384 453
371
372
373
374 396 424
375
376
377
378 285 350
379
380 11
381
382
383
384 74 218 228 390 416
385 163
386
387
388
389 39 44 49 71 79 90 93 107 140 147 151 160 161 165 170 174 186 201 202 212 217 238 240 243 244 250 252 266 276 283 298 303 309 311 312 329 341 342 346 350 366 368 369 375 384 394 421 432 451 452 456 458
390 53 162 205 264 267 362
391 58
392
393
394 92 233 434
395 321
396 290 446
397 401
398
399
400 40 144 409 453 464
401 71 126 165 233 240 320 397 398 431
402
403
404 9 20 22 111 225 257 301 302 431 453
405
406 23 30 44 65 71 82 89 92 103 112 116 117 119 120 127 130 136 159 165 215 217 226 239 250 281 284 292 297 300 305 311 317 347 363 375 398 406 417 438 452 463
407
408 384
409
410 0 22 37 61 71 122 178 181 233 313 347 349 372 404 410 418 462
411 139 201 420
412 16 22 40 143 178 220 273 349 389 417 419 430
413
414 195
415 375
416 423
417
418
419 332
420
421
422 14 17 20 55 58 67 68 84 103 112 115 131 140 143 152 160 183 185 191 197 202 212 214 224 254 263 295 302 303 324 408 411 425 461
423
424 51 63 70 110 159 188 347 354 394 435
425 73 266 292 423
426
427 154 328 391 400 446
428 0 12 19 30 44 54 83 122 130 134 144 161 165 203 238 243 250 254 263 280 287 311 312 334 335 336 346 347 366 381 398 406 415 421 440 449
429 261
430
431
432 9 14 56 63 108 229 262 294 313 396
433
434 11 28 30 31 43 47 51 60 72 85 93 98 115 120 121 122 125 127 133 144 150 160 166 167 168 171 180 181 184 186 188 196 200 204 207 212 217 220 236 237 238 239 243 245 250 251 253 254 255 256 268 276 280 281 289 292 298 301 309 310 311 316 319 323 334 336 338 351 354 357 375 376 389 406 409 420 422 425 432 433 435 445 449 450 452 461
435 5 18 25 27 29 44 45 63 66 71 92 106 123 128 151 161 165 174 197 244 248 281 291 295 324 326 340 342 345 346 350 369 382 390 399 410 412 444 451 458
436 334 408
437 20 21 39 57 111 139 179 212 224 256 257 399 425 427
438 436
439 136
440 383
441 20 30 79 83 151 170 174 240 244 329 350 366 412 425 452 457
442 5 17 68 78 79 256 275 350
443 45 181 254 269 298 429
444
445 388
446 1 140
447 58 103 144 201 230 263
448 109
449
450
451
452 2 21 28 30 36 44 49 51 55 57 65 73 84 85 86 88 90 91 111 120 125 139 147 153 154 155 160 164 187 200 201 207 212 235 239 240 242 246 248 254 255 274 276 277 278 280 283 293 294 298 301 305 306 318 320 348 357 360 369 376 387 388 390 391 400 406 407 412 413 430 433 435 447 452 460 461
453
454 21 57 117 120 163 213 276 301 314 339 388
455
456 140
457 34 36 61 107 111 115 116 117 120 127 183 185 212 230 236 248 250 254 256 287 289 292 311 316 357 385 397 405 409 414 425 450 456
458 134 309 348 356 436 449
459 277
460
461
462 307 362 375
463
464
