#causal_discovery_pcmci.py data/Cleaned_SP500_Data_latest_return.csv 2 latest_sp500_return pcmci
# GMT Sat Sep  7 08:31:52 2024
# 
0 0 167
1 1 50 279
2 2
3 3
4 4 329
5 5 7 40 62 67 76 102 157 210 258 265 288 297 334 340 341 342 344 357 438
6 6 45 81 144 209 229 333 393 418
7 7 446
8 8 5 16 17 24 32 38 40 41 55 58 65 75 76 82 92 95 108 110 113 118 125 137 144 146 150 158 167 169 175 178 189 199 200 205 207 208 212 224 225 226 236 238 247 265 267 269 272 273 278 283 288 297 299 313 323 326 328 331 333 335 348 354 357 361 378 383 388 393 396 407 409 416 444 451 458 462
9 9
10 10 19 43 67 147 174 232 264 300 342 350 367 411 458
11 11 60 151
12 12 19 30 44 79 91 101 134 154 160 193 217 232 233 238 244 247 254 261 342 366 392 394 397 421 451 452 458
13 13 53
14 14 428
15 15
16 16 19 44 95 121 158 225 240 266 419 429 451
17 17 16 23 27 31 43 50 66 76 83 84 85 89 97 101 115 116 120 128 129 133 137 140 150 152 170 175 177 184 193 200 203 208 212 213 216 220 243 245 250 256 272 274 275 276 284 304 310 311 313 322 323 336 337 338 344 357 366 371 380 383 389 393 396 397 414 420 432 437 440 442 445 452 453 459 461
18 18 375
19 19 350 427
20 20 61 310 415 423 462
21 21 33 151 179 200 277
22 22 449
23 23
24 24
25 25 62 69 103 180 240 252 274 288 439
26 26
27 27 91 460
28 28 6 64 112 134 152 195 271 334 382 385 415
29 29
30 30 57 97 182 218 403 427 454 460
31 31 222 229 234 239 319 419
32 32 28 68 91 96 105 144 222 236 246 249 269 293 310 318 344 368 379 392 400 421 424
33 33
34 34 126
35 35 0 79 118 220 227 231 262 273 434
36 36
37 37 209
38 38
39 39 18 33 34 47 48 61 64 80 105 110 195 199 207 373 409 413 424 445
40 40
41 41 223 369
42 42 179 294
43 43 13 21 47 49 50 53 57 63 72 88 101 116 131 143 146 167 177 187 197 201 203 226 227 230 232 238 243 253 256 274 311 312 332 336 337 355 362 439 440 441
44 44
45 45 133
46 46 19 22 25 36 37 40 42 44 49 54 56 64 67 71 75 77 80 81 83 85 86 89 93 101 112 118 120 121 129 130 132 158 166 172 182 195 197 202 203 209 210 216 219 221 226 227 229 235 246 247 248 250 255 263 278 281 289 300 317 324 325 326 327 328 333 339 348 356 357 360 363 365 371 374 385 391 393 399 400 414 415 418 432 438 450 455 456 462 463 464
47 47 187 237 248
48 48
49 49 124
50 50 261
51 51 108 225
52 52 57 104 147 151 276 357 391 462
53 53 11 55 90 102 106 132 145 154 171 183 217 254 256 260 276 292 298 304 352 357 377 392 410 443 452
54 54 46 65 100 118 144 216 229 304 308 320 329 359 370 402 426 439
55 55
56 56
57 57 31 362 370 383
58 58 109 180 196 228 368
59 59 54 97 117 122 155 301 323 335 400 447
60 60 321
61 61 430
62 62 5 230 285 384
63 63
64 64 181
65 65 288 363
66 66 83 138 190
67 67
68 68 12 31 76 89 92 119 121 147 292 300 323 328 329 350 378 410 418 419 435 439
69 69
70 70 406
71 71
72 72 18 54 89 130 213 261 268 280 290 300 354 450
73 73 143 446
74 74 43 58 103
75 75 149 210
76 76 388
77 77 405
78 78 17 28 38 39 48 56 64 83 144 145 178 181 184 192 195 212 220 241 261 267 273 275 313 316 326 393 399 420 425 453
79 79 6 8 9 10 12 14 22 31 32 38 42 45 55 59 63 65 85 87 88 95 98 107 109 111 118 120 133 134 135 137 142 144 145 150 153 166 167 169 179 182 183 184 196 201 212 214 215 217 221 224 225 234 235 239 245 246 250 254 255 257 260 264 267 271 278 283 287 299 302 303 304 307 313 314 315 325 328 329 333 339 356 357 359 362 372 380 385 386 388 393 402 406 408 409 411 420 432 433 435 455 456 459 464
80 80 122
81 81
82 82 226
83 83
84 84 67 99 129 143 151 173 181 186 330
85 85 249 261 413
86 86
87 87 252
88 88 46 171 344
89 89
90 90 0 2 18 22 33 42 61 65 71 76 87 117 121 141 144 147 148 167 200 203 217 231 234 239 250 259 274 276 281 292 311 319 323 325 339 348 354 357 365 378 389 437 443 453 459 462 464
91 91 12 13 27 29 30 63 66 71 90 97 106 112 121 160 240 259 294 312 334 346 384 394 414 415 436 443 452 455
92 92
93 93 135
94 94
95 95
96 96 1 17 26 28 61 105 122 131 164 171 176 184 185 220 253 259 269 279 300 306 320 323 326 355 436 457 459
97 97 3 6 9 10 14 15 24 29 30 31 32 35 36 38 39 44 45 47 51 56 62 63 64 65 69 70 71 76 79 81 85 91 92 95 98 101 102 113 115 116 118 120 121 125 128 131 132 136 137 145 146 147 151 153 158 159 162 164 166 167 168 172 173 174 177 178 179 180 183 192 194 195 197 200 201 203 204 205 206 208 217 218 220 226 229 230 231 233 234 235 242 244 247 250 251 256 258 266 271 272 274 276 277 278 281 284 285 292 293 296 299 303 305 307 308 313 315 316 318 319 320 322 323 324 325 326 328 333 335 341 344 345 346 347 349 352 357 360 361 363 366 367 368 369 371 372 378 379 380 382 383 384 385 387 390 393 394 396 397 399 401 402 405 407 412 414 415 419 420 425 428 432 435 438 439 440 452 453 454 455 456 457 459 460 463
98 98 74 142 191 264 418
99 99 2 27 30 49 54 66 69 71 78 89 90 92 129 131 134 136 139 146 151 160 161 164 165 186 187 200 202 203 208 216 217 233 234 240 260 274 276 280 281 283 300 303 309 311 316 342 357 364 368 375 390 394 397 398 412 413 419 451 459
100 100 79 111 147 169 223 257
101 101
102 102 143
103 103
104 104
105 105 73 280 301
106 106 162 319 437
107 107
108 108 282
109 109 273 365
110 110
111 111 122 151 215 303 324 390 398
112 112 33 68 78
113 113 105 180 181 228 279 314 315 328 406 426 429 432
114 114 16 40 57 76 144 158 178 202 223 299 351 359 363 401 406 449
115 115 94 240 282 369
116 116
117 117 1 36 185
118 118 24 33 258 309 333 337 438 463
119 119 99 273 290 330 393 428
120 120 64 70 91 100 118 155 184 195 266 272 275 361
121 121
122 122 3 4 18 36 72 75 81 119 120 123 138 141 159 180 195 209 241 246 253 254 295 297 303 310 321 322 339 359 360 365 380 418 433 438
123 123
124 124 26 102
125 125 174 434
126 126 133
127 127 430
128 128 457
129 129 188 194 283 440
130 130
131 131 10 61 215 244 281 291 302 324 326 345 361 417 444 446
132 132 42 182 228
133 133 12 13 23 27 30 57 97 107 117 134 146 152 154 160 161 165 178 186 187 233 240 243 244 281 283 293 298 311 317 336 342 346 367 368 373 384 400 406 410 412 419 427 445 451 455 457 458
134 134 185 428 437
135 135 19 30 45 66 69 75 76 93 105 106 141 208 295 305 314 343 375 389 400 418
136 136
137 137 275
138 138 18 29 74 104 135 167 347 362 401
139 139 57
140 140 168 352 392
141 141
142 142 8 98
143 143 25
144 144 44 273 292 451
145 145
146 146 151
147 147 30 272 277 316 317 339 371 438 463
148 148 135
149 149 370
150 150 145 269
151 151
152 152 308
153 153 20 97 121 131 135 151 210 240 260 342
154 154 141 142 356
155 155 9 19 22 23 33 36 37 38 39 42 45 48 77 80 87 95 116 117 122 124 134 150 158 177 184 188 192 193 200 215 234 235 237 239 243 245 253 255 278 281 286 288 304 313 316 323 357 359 365 372 373 375 383 398 405 416 417 432 445 448 449 452 453 454 456
156 156 46
157 157
158 158 5 46 223
159 159
160 160 182 334 413
161 161 152 240
162 162 46 171 185 201 256 304 377 449
163 163 186
164 164 38 41 49 52 77 80 88 118 157 189 257 258 275 277 319 337 341 343 351 379
165 165
166 166 2 118 262
167 167 131
168 168 20 30 49 55 110 111 115 134 184 197 201 204 212 224 240 256 257 302 350 389 425 435 448
169 169 320 428
170 170 34 54 167 186 323 346
171 171 21
172 172 353
173 173 40 44 60 89 90 101 102 130 167 222 242 247 250 254 300 311 317 328 355 397 415 452 455
174 174 9 57 81 115 212 218 220 299 319 339 362 417 420
175 175
176 176 53 330 436
177 177 405
178 178 30 64 76 140 173 226 375
179 179
180 180 90 140 195 202 309 397 460
181 181 358 416 446
182 182
183 183 408
184 184 456
185 185 72 103 173 224 246 263 356 364 392 431
186 186 26 59 66 161 240 346
187 187 20 256 337 350
188 188 5 46 88 135 245
189 189 10 38 328
190 190 77 222 230 298 394 412 457
191 191 15 17 65 167 169 210 224 231 259 268 376 388
192 192
193 193 8 22 155 273 275
194 194
195 195 214 262 403
196 196 165 434
197 197 19 50 72 132 193 232 254 298 316 336 370 379 385 442
198 198
199 199 1 243 259
200 200
201 201 158 390 416
202 202 0 180 188 193 225
203 203 91 98 413
204 204
205 205 167 226 347 362 406 408
206 206
207 207 76 81 102 121 197 222 226 322 426 436
208 208 223
209 209 35 75 231 242 270 286 353 383 404 438
210 210 199
211 211 19 31 66 69 86 116 131 136 151 160 198 244 249 254 256 285 289 298 305 308 344 346 354 364 411 414 420
212 212
213 213 21 59 274 418 447
214 214 231
215 215
216 216 12 60 68 90 93 112 153 181 191 202 239 250 270 276 309 331 363 402 411 412 414 455 462
217 217 24 38 179 302 306 390
218 218 0 6 10 11 17 105 107 117 122 167 169 185 192 193 220 224 245 282 296 304 314 324 351 376 430 437 446
219 219 76 260 288 305 340 356
220 220 291
221 221
222 222 94 145 182 247 296 327 423 438
223 223 5 67 124 328
224 224 12 13 60 72 85 90 125 160 186 191 202 203 236 284 298 303 309 334 344 346 367 368 399 409 441 458
225 225 32 52 107 117 133 136 141 144 150 158 187 188 196 227 233 235 256 260 334 354 373 392 400 406 419 432 442 445 453
226 226 113
227 227 111 183 388 412 457
228 228 29 60 107 117 152 154 180 216 236 254 263 281 289 293 299 328 340 343 344 356 364 386 392 414 421 426 431 440 462
229 229 29 294
230 230 83
231 231 0 321
232 232 51 137 144 160 202 238 302 366
233 233 98 261 285 350 419
234 234
235 235
236 236 129
237 237 30 37 38 39 42 55 56 71 96 120 122 141 153 154 169 171 177 180 212 239 243 255 265 280 292 313 314 329 333 357 379 391 400 402
238 238
239 239
240 240 31 181 208 263 398
241 241
242 242 48 120
243 243 35 106 111 388 422
244 244 67 246 432
245 245 26 164 209 292
246 246 69 163 216 284 295 343 370 429 434
247 247 19 138 361
248 248 101 134 147 157 202 249 341 350 388
249 249 318 362
250 250 11 79 98 189 269 296 350 358 361 383
251 251 0 21 27 44 57 76 114 139 146 147 157 178 187 247 254 331 333 338 377 392 397 419 427 444 459
252 252 381
253 253
254 254 262
255 255 27 66 89 92 170 244 350 356 361 451
256 256
257 257 73 96 177 383 384 420 435 454 461
258 258 371
259 259 355
260 260
261 261 1 6 10 13 15 16 17 70 79 82 110 115 141 149 153 166 168 180 185 196 201 212 215 224 244 255 266 302 304 324 348 361 376 405 417 433 437 446 447
262 262 9 267 350 416
263 263 43 121 276 305 341 431
264 264 275
265 265 152
266 266 25
267 267 231
268 268 101 435
269 269 2 61 71 101 217 288 290 295 363 395 436
270 270 195 292 303 309 368 419
271 271 303
272 272 282 429
273 273 21 27 97 101 103 121 124 143 207 216 226 237 280 289 309 358 384 415 428 434
274 274 215 389
275 275 17 39 48 49 55 79 92 131 174 179 243 285 316 317 375 384 398 420 435 457
276 276 91 132 184 258 380 435
277 277
278 278 9 91 128 272 302 413 454
279 279 4 33
280 280 37 80 140 182 204 219 264 327 365 372 387 398
281 281 162
282 282 62 288 366
283 283
284 284 201
285 285 57 242 328 427
286 286
287 287 62 365
288 288 145 176 212 220 253 282 302 328 329 443 457 461
289 289 294
290 290 27 30 50 68 69 78 93 125 142 150 160 173 176 193 202 263 276 283 298 303 346 356 373 411 442 447
291 291
292 292 43 48 68 88 89 90 103 133 173 236 266 290 303 311 323 348 355 377 400
293 293 104
294 294 19 62 138 142 157 162 252 334 341 364 403 429 444
295 295 30 85 93 163 170 214 244 350 389 415 432
296 296 147 208 210 245 255 261 265 329 341 347 365 374 387 397 401 416 459
297 297 361
298 298 1 2 15 20 41 55 70 95 205 302 308 353 361
299 299
300 300 299
301 301 18 47 176 221 253
302 302 27
303 303 7 92 139 171 206 257 302 304 331 335 338 348 378 433 464
304 304 74 367
305 305 74 256
306 306 43 112 117 128 175 253 303 373 403
307 307 12 59 62 68 74 104 173 394 411 439 444
308 308
309 309 2 51 52 57 65 76 85 164 166 180 188 206 213 232 234 235 239 242 246 279 339 427
310 310 23 26 35 40 42 53 74 77 121 132 144 164 208 215 251 267 278 292 296 311 342 417 419 432 448 454 456
311 311
312 312 65 79
313 313 38 166 205 388
314 314 190
315 315 70
316 316 72 295 366
317 317 38
318 318 125 152 159 458
319 319 44 89 151 247 346 448 451
320 320 13 18 21 26 28 31 44 49 67 69 72 86 107 114 119 123 130 134 147 153 154 156 160 163 170 174 179 183 195 196 198 206 240 241 243 252 254 260 266 274 276 284 297 298 305 306 307 312 317 331 336 340 342 350 354 371 378 380 384 387 388 393 394 395 409 411 413 419 420 421 424 427 435 445 451 455 459 460 461 463
321 321 25 122 288
322 322 365
323 323 69 79 91 117 131 142 154 170 174 214 237 280 293 294 306 335 337 342 392 395 398 413 419 421 441 451 461
324 324 6 23 136 193 215 247 251 311 440
325 325
326 326 60 74 79 103 146 356
327 327 8 286
328 328
329 329 120 181 293 357
330 330 20 78 173 300
331 331
332 332 114
333 333 68 271 355
334 334 96 119
335 335 327
336 336 223 371
337 337 84
338 338 318
339 339 34 47 276 286 321
340 340 3 45 112 124 162 194 251 271 285 325 345 371 378 451
341 341 267
342 342 84 148 360 449
343 343
344 344
345 345 20 29 43 55 79 111 135 169 185 224 257 263 266 296 304 320 350 366 376 388 401 402 423 425 439 451
346 346 27 30 44 51 66 68 69 71 72 78 79 86 89 125 127 130 163 170 191 202 214 243 244 256 260 263 274 276 284 295 298 300 303 309 310 317 342 347 350 351 364 375 394 397 398 404 411 435
347 347 64
348 348 57 68 109 147 191 305 412
349 349 21 97 374 452
350 350 3 5 15 16 20 23 30 31 34 40 55 56 57 60 64 68 72 81 82 83 84 91 93 96 98 103 110 114 115 125 130 135 136 137 140 144 152 159 160 164 166 169 172 173 177 179 181 184 185 190 198 200 202 203 204 208 209 212 215 220 221 229 230 234 236 245 251 256 257 258 260 265 266 272 275 277 279 280 283 284 287 292 298 302 304 309 310 316 317 319 322 323 337 339 343 348 351 361 362 363 371 375 378 379 380 381 382 386 395 397 398 403 407 409 411 413 417 420 425 427 432 433 435 438 445 448 450 459 460 461 463 464
351 351
352 352 11 13 17 55 142 169 185 188 224 257 302 304 358 394
353 353 25 418
354 354 1 11 62 89 96 216 364 396 454
355 355
356 356 0 26 39 62 71 72 74 75 85 88 107 116 141 151 154 161 165 191 193 195 200 202 203 216 225 250 254 280 284 289 293 298 319 336 350 360 368 421 426 428 432 442 443 445 456
357 357 342
358 358 117 128 160 222 293 364 385 392
359 359 272 328
360 360 149
361 361 51 57 86 93 107 108 112 154 198 240 252 260 271 317 351 378 391 407 421 426 447 451 455 456
362 362
363 363 62 454
364 364 42 57 89 139 143 192 206 231 260 277 283 311 326 330 342 345 350 410 419 427 431 451 460
365 365 50 228 336 350 442 451
366 366 1 7 17 20 31 70 111 113 131 141 169 179 183 185 188 198 205 212 224 237 240 256 257 266 267 275 291 296 302 337 350 354 370 376 388 390 397 399 425 434 446 451 461
367 367 40 102 148 187 225 378 439
368 368
369 369 294 361
370 370 24 191
371 371
372 372 177 209 333 409 451
373 373 323
374 374 118 424
375 375
376 376 401
377 377 135
378 378 285 350 434
379 379
380 380 186
381 381 75 365
382 382
383 383 397
384 384 74 218 228 366 367 390 416
385 385 163 305
386 386
387 387
388 388 92
389 389 11 89 97 99 130 181 186 238 240 303 346 350 454 458
390 390 53 68 187 205 248 264 362 399 436
391 391 9 14 142 279 401
392 392 104 434
393 393
394 394 224 434
395 395 321 377
396 396 140 252 290 346
397 397 10 33 251 342 431
398 398 18 62 91 321 361
399 399 233 392
400 400 22 44 48 76 83 144 265 311 409 411 453 464
401 401 161 240 451
402 402 325
403 403
404 404 20 35 37 51 100 111 201 224 232 257 291 302 376 431 435
405 405
406 406 339
407 407
408 408 2 147 259 436
409 409
410 410 0 6 22 32 37 40 42 52 61 71 73 78 87 103 120 122 127 151 167 178 180 181 233 250 255 260 278 281 313 315 327 331 342 343 347 365 370 372 394 404 409 418 419 429 440 451 453
411 411 10 21 57 95 139 201 292 324 329 384 394 420
412 412 11 40 42 60 69 71 89 121 143 147 178 231 273 290 347 383 410 419
413 413
414 414 195
415 415 213 375 431
416 416 423
417 417
418 418 11 272
419 419 325 332
420 420 44 66 394
421 421 342 413 451
422 422 2 3 14 43 58 67 68 78 84 85 103 106 112 120 127 140 159 191 197 202 244 263 295 297 303 317 328 330 343 350 360 382 386 392 408 409 411 454 458
423 423
424 424 30 51 63 105 110 159 161 165 188 205 219 317 340 347 354 394 435
425 425 73 176 266 382 423
426 426
427 427 101 144 236 247 331 354 400 411 447 451
428 428 0 12 13 19 27 30 44 54 90 115 121 122 127 134 154 160 161 163 165 199 200 203 209 216 233 235 236 238 243 250 254 263 281 283 287 298 306 310 312 314 334 335 336 346 347 351 366 379 398 400 406 411 421 440 449 451
429 429 16 99 226 261
430 430 374
431 431 13 227 237 312 336
432 432 9 14 33 56 108 149 166 229 241 262 266 294 304 313 324 396 423
433 433 70 118 266 279
434 434 11 34 35 46 65 103 150 153 166 178 179 185 188 196 224 251 255 263 266 267 292 299 313 327 356 358 372 376 389 403 422 428 430 433 458
435 435 5 18 19 25 27 29 43 44 45 63 66 71 92 106 107 112 125 128 129 134 139 151 161 165 170 174 186 233 240 241 244 248 274 281 291 324 326 340 342 344 345 346 350 368 369 382 390 394 399 410 412 421 444 451 458
436 436 70 193 272 334 381 408 447
437 437 12 242 344 368
438 438 436
439 439 136
440 440
441 441 26 30 44 79 151 170 174 216 240 244 252 266 302 329 335 350 366 373 412 435 451 457
442 442
443 443 23 30 45 166 180 181 191 246 254 298 378 429 433
444 444 109 142 227 249 261 270 353
445 445 98 106 388 450
446 446 6 118 168 333
447 447 58 78 103 135 176 226 253 263 356
448 448 105 152 198 380 463
449 449 32 213 262 370
450 450 446
451 451 423
452 452 2 14 20 21 26 27 28 30 36 39 40 44 49 51 52 55 57 65 69 73 78 84 85 86 88 90 91 92 93 96 111 115 116 117 120 125 127 131 139 147 151 153 154 155 156 160 164 169 173 174 179 183 185 187 200 201 207 212 235 236 239 240 242 245 246 248 254 255 256 260 274 276 277 280 283 293 294 298 301 302 305 306 318 320 348 356 357 360 369 376 383 387 388 390 391 392 399 400 404 406 407 412 413 421 427 430 433 435 447 454 460 461
453 453
454 454 213 339 348 388
455 455 408
456 456 140 155 229 413
457 457 356 366
458 458 44 58 134 146 184 228 237 245 253 256 266 309 310 342 356 436 449
459 459 120 302 342
460 460 365
461 461 411
462 462 42 196 207 252 307 320 328 331 338 348 359 362 442
463 463
464 464 251
