#causal_discovery_varlingam.py data/Cleaned_SP500_Data_latest_return.csv 3 latest_sp500_return varlingam 5
# GMT Mon Sep  2 21:40:10 2024
# 
0 19 56 90 91 101 112 234 270 290 311 321 345 351 375 417 426
1 7 37 63 79 85 93 96 103 114 128 129 139 147 151 164 206 214 216 232 235 260 263 276 277 280 286 294 306 310 311 324 326 349 358 361 380 384 391 392 398 416 460
2 26 52 66 259 397 436
3
4 64 87 135 211 271 272 316 393
5 51 58 67 68 248 254 271 342 346 378 458
6 27 109 124 150 196 209 286 384 408 417
7 55 57 61 110 132 136 139 144 153 178 206 214 221 227 240 261 265 271 276 278 299 330 336 342 365 369 447 459 460
8 52 111 121 151 187 240 243 278 307 333 337 344 360 385 389 459
9 30 47 94 159 176 265 322 324 374 423
10 35 57 67 100 113 140 159 196 201 204 290 298 390 408
11 188 204 296 308 352 358 384
12 85 346
13 72 151 170 233 249 303 312 313 342 369 395 402 441 442 458
14 6 28 58 65 122 133 144 181 190 238 287 311 334 429 431
15 9 63 83 92 100 136 144 176 196 204 223 226 261 265 324 364 379 413
16 15 77 79 82 90 149 167 178 189 221 270 317 326 399 402 451
17 14 39 74 98 118 171 177 203 216 243 273 280 301 319 342 359 383 389
18 22 95 168 176 178 187 205 230 284 374 381 387 399
19 77 163 186 187 286 333 345 347 431
20 5 20 25 35 44 45 65 84 91 95 96 99 115 132 138 169 179 184 185 201 213 240 242 266 302 308 312 315 336 342 345 346 362 364 365 383 387 388 395 422 425 446 449
21 4 21 23 30 36 38 47 69 82 90 97 102 147 153 165 179 201 220 232 233 242 249 255 277 290 297 302 328 364 376 379 390 397 409 420 427 441 451 452
22 36 54 87 98 112 113 240 247 322 327 372 416 444
23 40 181 215 262
24 38 80 95 130 144 145 196 203 265 267 303 357 359 426 428
25 62 132 274 327 371 401
26 181
27 66 171 201 210 211 217 222 333 346 451
28 134 140 150 221 348 398 429
29 3 112 224 271 297 306 312 325 369 382 399 455
30 30 42 92 111 134 175 201 209 287 309 338 390 398 402 446
31 33 75 97 121 155 166 170 177 179 198 209 212 243 275 285 291 292 302 313 345 364 388 435
32 16 22 37 95 99 118 126 135 138 146 162 192 199 210 217 228 230 231 238 243 253 261 265 282 313 321 324 325 329 335 349 361 362 365 379 383 387 402 404 407 419 450 452 453 457
33 16 23 61 82 102 104 110 127 132 173 189 203 204 210 253 267 288 325 326 349 368 374 417 423 439 445 451
34 90 150 292 384 390
35 11 97 168 226 249 384 413 434
36 150 316 453
37 2 18 22 83 87 95 98 176 178 187 210 324 327 372 387
38 17 36 55 63 99 104 118 130 184 187 192 199 265 266 278 336 345 357 361 397
39 15 23 39 42 48 61 67 90 92 97 112 177 181 207 217 248 267 290 324 339 360 374 379 399 417 422
40 113
41 90 417
42 6 72 92 194 248 280 283
43 5 14 18 67 86 90 103 107 119 121 181 209 214 216 224 243 256 261 264 265 285 286 325 343 346 409 458 462
44 27 33 56 89 110 187 214 248 283 357 451
45 41 81 135 138 159 199 210 222 229 302 340 371 382
46 73 168 175 370 402 423
47 33 44 100 394 402 428
48 4 36 38 48 54 64 70 74 76 79 94 107 127 128 134 135 138 151 167 178 182 187 201 241 242 253 254 265 272 278 286 298 306 309 324 334 342 349 369 380 398 409 413 419 463 464
49 30 187 196 226
50 125 312 366 431
51 7 15 37 77 185 201 225 226 238 318 320 335 387 394
52 31 43 85 93 97 120 125 174 255 278 281 293 294 314 315 338 349 378 392 405 415 421 430 432 447
53 10 35 46 79 100 114 132 140 143 181 182 201 205 248 296 311 361 398 411 434 458
54 12 30 66 67 78 91 112 196 201 204 218 322 346 357 371 380 382 390 422 434 451
55 20 24 27 30 32 42 51 70 80 143 169 178 206 221 224 240 245 253 267 278 299 313 362 373 374 388 399 441
56 80 263 453
57 0 17 21 30 32 35 38 57 68 73 92 111 112 115 127 143 147 164 165 167 185 189 197 226 240 243 260 267 271 277 278 280 304 328 336 337 378 384 390 394 396 409 427 428 430 435 439 459 461
58 25 55 113 140 202 238 267 286
59 66 79 191 201 309
60 0 44 112 166 168 173 181 186 226 239 260 289 321 363 426 441
61 4 10 22 34 54 56 71 74 83 87 207 211 217 224 230 232 233 248 270 324 326 327 331 390 397 399 402 410 415 417 440 457
62 54 67 94 146 205 218 230 243 267 321 346 384 401
63 36 47 95 144 151 248 292 301 313 321 379
64 6 30 47 121 133 134 182 194 199 223 292 322 393 423
65 74 90 157 189 216 243 244 267 297 328 339 365 390
66 113 211 262 305
67 12 40 66 113 182 343 346
68 49 89 111 112 129 133 173 182 186 191 204 226 240 271 296 378 402 448 458
69 5 28 42 45 58 60 62 71 78 101 106 117 132 140 144 147 151 163 178 181 190 192 214 224 233 239 240 242 246 247 249 290 293 294 297 303 304 305 311 317 323 326 327 337 345 378 384 391 403 411 437 441 458 459
70 0 6 10 32 37 42 45 47 50 51 65 99 111 126 135 144 155 156 160 162 174 213 216 217 229 266 275 278 290 304 348 361 369 381 390 400 412 419 422 430
71 44 112 113 153 202 311 345 413 434
72 30 50 79 91 109 112 150 216 236 239 244 312 313 342 371 378 380 397 398 427 433 455
73 27 66 396
74 36 42 72 91 94 132 151 176 194 210 297 321 365 367 390 399 418 433 439 447 455 457
75 4 58 67 94 102 112 129 135 162 167 172 190 218 300 342 343 378 423 439
76 12 272 316 394 409 429 455
77 80
78 5 6 27 30 43 58 60 68 69 73 90 101 102 117 125 136 141 160 162 166 167 170 199 201 202 224 238 239 240 241 247 253 254 284 303 305 309 313 317 324 326 335 341 342 345 351 356 373 374 381 387 396 411 419 461 463
79 111 115 127 153 170 336 427
80 122 346
81 9 36 42 64 98 109 147 168 179 194 210 249 312 322 393 399 408 419 453
82 0 32 35 133 147 172 184 189 226 229 241 316 317 390 397 431 451
83 90 223 247 272 322 453 458
84 23 30 49 113 132 143 151 172 209 236 279 338 397
85 3 6 14 23 48 51 54 58 88 96 107 109 120 131 134 141 161 164 172 181 196 210 243 246 255 278 281 293 306 314 335 337 392 395 400 432 436 454 456 459 464
86 29 51 58 93 116 136 178 207 244 317 321 325 342 351 375 437
87 87 157 263 372 416
88 25 29 55 65 103 114 125 132 134 148 194 222 228 284 291 315 317 342 344 357 382 455
89 55 174 186 201 203 240 346 355 379 398
90 144 153 247 301 346 380
91 7 21 49 84 159 174 185 201 240 279 292 294 301 308 312 384 390
92 122 302 336 450
93 19 90 100 113 153 176 181 196 217 236 239 240 255 309 331 375 417 425 431 437
94 122 187 311 404
95 84 196 204 205 210 327 359 372 394
96 49 85 91 205 301 402 447
97 39 63 128 129 130 143 166 177 178 227 267 311 313 320 336 357 428
98
99 22 68 98 118 223 312 332 335 346 374 387 407 408 419
100 7 35 90 106 168 188 273 322 327 352 384 417
101 0 6 19 56 65 216 284 367 437 449
102 71 74 91 173 267 311 317 326 357 439 454
103 98 113 258 372 455
104 4 15 25 62 64 68 83 94 132 143 172 262 282 333 362 364 371 374 379 387 393 413 450 453 454
105 15 41 44 58 141 160 166 184 189 233 236 304 315 349 364 381 408 426 429
106 11 151 157 184 188 244 255 296 308 380 384 451
107 15 17 42 47 77 120 140 144 181 187 205 236 254 286 303 313 318 351 355 357 419 432 445
108 2 46 60 207 248 290 318 320 331 353 370 404 436
109 90 128 150 402 455
110 16 43 82 149 200 221 276 296 323 334 359 403 417
111 12 20 25 31 33 42 49 51 55 60 73 82 95 98 131 168 169 183 185 212 224 257 269 272 283 290 297 302 304 306 311 313 324 337 344 376 379 384 410 413 420 425 453 461
112 3 92 248 271 371
113 9 30 113 216 228 301 328 383 398
114 0 46 83 249 425
115 13 16 30 31 39 48 52 68 70 85 96 111 122 129 134 140 147 156 164 172 184 197 198 201 202 222 229 233 235 236 241 250 252 263 266 269 278 289 290 306 307 314 315 317 318 341 348 364 369 376 385 391 398 405 411 414 417 428 441 445 446
116 27 56 311 348
117 37 52 53 70 91 97 110 113 120 126 134 145 154 160 178 186 187 189 222 242 246 255 276 278 280 285 286 289 293 298 306 309 313 314 323 338 341 379 392 400 409 413 421 447 450 459 463
118 73 95 122 311 332 335 353 390 449
119 141 190 229 259 288 325 341 383
120 6 36 39 42 47 59 60 61 63 68 91 93 116 118 131 148 152 165 166 172 187 200 203 207 236 240 255 264 280 295 299 314 315 316 320 323 330 354 357 359 365 368 369 375 378 395 399 407 412 432 433 435 452 456
121 3 168 196 236 240 248 265 303 308 347
122 39 49 59 84 91 96 131 171 195 226 244 300 301 359 390
123 6 10 11 12 13 15 22 25 30 36 38 41 43 45 47 53 58 62 63 64 69 74 77 79 87 91 94 97 99 101 102 104 105 108 109 110 111 119 123 126 128 129 130 138 143 145 146 147 158 168 170 176 182 185 189 190 194 197 199 203 204 205 206 207 208 211 212 221 226 229 230 238 240 245 248 251 254 255 267 268 272 273 275 277 281 287 290 295 298 304 308 312 313 316 320 321 324 328 334 341 353 355 359 365 369 371 372 374 375 380 385 386 387 392 393 394 396 406 410 411 412 425 428 432 440 444 445 446 457 458 462
124 36 109 144 248 447
125 19 30 56 65 77 84 105 107 112 119 120 132 141 146 150 158 160 180 208 225 236 254 270 279 283 286 298 314 315 317 346 357 375 406 407 409 414 430 433 441 449 455
126 98 132 332 336 348 381 422 434
127 12 19 22 61 65 102 114 129 165 185 186 187 203 204 217 222 260 270 272 280 297 338 397 407
128 15 25 27 39 46 47 61 83 94 104 128 167 184 199 205 217 238 243 271 322 324 326 335 338 367 431 440 458 462
129 44 100 135 184 244 267 273 313 320 371
130 6 48 89 90 132 173 182 185 187 195 247 300 338 355 377 378 380 410 447 455
131 17 20 36 54 58 61 84 91 104 106 128 144 153 170 172 174 179 198 206 212 217 224 227 233 240 243 244 256 263 285 302 306 336 337 346 354 357 364 367 373 375 376 381 387 388 390 394 396 398 405 417 419 425 434 435 441 445 454
132 0 4 64 81 106 124 223 258 321 387 432 448 462
133 166 186 211 349
134 12 46 58 80 104 111 120 125 162 173 201 202 206 246 252 254 255 260 290 291 298 325 350 378 398
135 204 339 383
136 71 84 136 186 196 355 402 442
137 1 7 8 24 32 33 55 69 70 111 115 129 139 147 151 155 168 183 192 195 198 205 206 216 223 231 250 272 274 276 278 295 310 326 327 333 349 357 362 365 367 380 385 389 395 398 415 416 424 446 451 459 460
138 83 104 122 135 292 322 359 462
139 21 27 30 36 44 55 57 72 91 134 155 171 187 229 235 248 277 278 292 303 312 337 380 396 419 427 450 459 460
140 150 201 216 249 290 384 451
141 0 14 58 76 104 109 122 133 140 150 180 181 221 242 249 255 290 292 334 341 347 378 379 406 412
142 98 198 216 300
143 63 129 172 199 313 374 394
144 6 9 17 18 30 40 67 83 98 122 205 217 248 263 357 423 453 462
145 12 22 33 38 72 83 98 108 113 128 172 200 224 242 264 280 287 328 349 366 378 383 455 462
146 44 171 201 203 216 244 282 352 404 419 455
147 45 55 76 84 88 111 117 130 151 158 170 173 174 193 206 210 222 228 238 248 272 282 284 294 295 301 312 319 329 337 350 371 397 411 420 447 459
148 6 25 109 114 141 159 222 223 368 378 394 414 439
149 14 82 113 122 144 158 167 187 229 272 324 351 359 402 403 408
150 34 98 255 447
151 24 30 33 38 39 43 52 54 58 66 93 111 114 125 127 131 174 206 217 223 240 262 274 292 294 304 311 326 335 336 357 390 398 410 417 426 434 437 446 447 454 461
152 45 330 355 371 401
153 28 31 42 48 61 69 77 84 85 91 93 104 109 111 115 117 120 122 125 141 160 165 167 171 174 187 189 192 200 201 205 207 214 216 227 235 236 237 240 245 250 255 263 267 279 280 290 293 301 304 306 307 310 315 321 324 334 336 338 344 345 351 362 365 372 373 376 385 388 390 391 408 411 412 433 439 447 455
154 22 44 80 95 101 106 112 228 240 246 254 313 345 347 390 417 448 451 459
155 11 22 32 75 126 162 207 226 228 265 269 338 383 404 422 430
156 55 99 108 126 155 162 228 242 253 265 294 345 365 422 430 434
157 11 17 30 34 50 54 107 130 132 157 173 184 200 210 227 235 243 279 346 397 403 429 445
158 0 86 167 178 216 229 362 365 367 383 437 439
159 17 48 62 93 213 301 324 438
160 29 44 86 91 108 146 154 185 216 217 236 280 295 329 342 348 360 371 390 402 433 458
161 27 29 30 33 42 44 54 71 77 90 97 106 127 130 131 136 152 158 165 167 185 196 208 221 234 240 242 267 270 284 326 348 355 362 367 368 381 403
162 18 77 94 126 207 228 330 332 374 381 404 430
163 19 27 49 50 54 74 107 109 159 201 217 243 267 289 290 295 311 330 335 374 417 436 448
164 2 26 30 32 63 70 108 111 113 151 155 156 197 207 243 259 265 279 294 306 310 329 349 425 428 436 443 452 457
165 160 173 205 239 247 254 311 331 390 398 425 429 458
166 0 22 34 96 150 173 180 187 236 357 380 432 439
167 15 30 36 57 67 76 80 83 87 92 101 136 144 165 171 186 205 238 272 280 290 326 347 360 439
168 11 62 106 112 186 188 204 273 296 312 352 358 384 389
169 17 34 39 43 79 97 114 118 122 144 185 193 212 255 256 267 280 316 359 388 401 416 425 434 435 438 450 459
170 30 79 106 151 167 193 233 243 244 255 267 285 291 312 332 339 366 378 397 445
171 103 295
172 4 22 37 45 64 81 83 94 124 132 138 194 199 218 230 241 247 248 255 290 321 324 328 353 371 394 448 462
173
174 30 38 49 68 74 79 84 91 124 128 130 151 161 170 171 181 185 194 195 217 225 232 237 240 244 253 261 271 292 335 342 350 359 360 364 365 371 390 397 412 414 419 428 433 450 457
175 40 73 113 211 244 377 396 423
176 47 87 98 106 182 196 201 326 327 372 374 378
177 15 24 32 33 47 48 55 56 62 63 78 83 87 88 97 102 114 115 120 125 128 129 130 132 137 143 145 153 178 187 192 194 195 199 210 219 221 223 234 237 241 250 253 263 276 278 287 290 294 295 299 310 313 333 339 347 356 360 365 385 389 391 392 393 397 399 405 415 433 439 447 449 453 454 460 463 464
178 44 56 79 116 122 167 209 217 226 244 284 292 297 326 345 347 357 372 393 428 434 437
179 54 57 86 233 251 294 309 348 354 361 397 404 435
180 27 51 53 63 108 113 121 202 263 306 309 324 328 370 377 394 429 432 437
181 14 280 294 426 429
182 87 171 201
183 14 17 19 38 55 94 95 119 129 169 198 234 239 269 285 288 332 349 372 378 413 419 444 457 462
184 12 15 22 30 36 49 54 55 68 72 83 90 111 112 114 122 123 203 210 213 215 220 254 265 272 280 292 313 337 359 361 379 382 394 402 404 416 423 449
185 13 17 18 22 27 72 74 103 112 118 157 167 168 172 173 178 187 200 208 224 240 244 249 273 276 278 279 280 302 312 325 333 334 348 355 362 380 390 400 401 420 449
186 27 175 211 261 283 286 323 346 380
187 170 333 346 390
188 69 119 248 273 346 352 358
189 23 38 55 107 114 175 232 284 311 437
190 65 104 172 221 334 362 450
191 4 62 79 157 189 241 292 299 309 323 346 350 352 369 457
192 33 73 74 83 94 100 114 119 129 138 143 172 201 221 230 238 244 253 261 286 311 325 338 393
193 42 72 122 228 243 252 255 275 445
194 9 30 151 248 409 463
195 4 15 32 33 36 45 48 55 61 62 64 75 81 83 90 104 115 119 153 164 172 183 197 199 209 219 222 226 241 242 243 250 263 268 276 286 294 299 310 325 333 364 373 374 379 385 393 403 408 413 415 422 424 438 450 454 458 463 464
196 77 79 167 308 331 425
197 3 6 40 45 65 75 125 153 209 210 222 229 230 266 268 336 340 360 382 388 423 424 425 444 455
198 142 169 178 185 256 290 354 392
199 36 228 247 300 328 393 398 418 462
200 50 76 106 127 136 170 178 190 193 203 217 222 227 229 232 233 242 252 260 265 267 292 317 324 339 355 361 365 368 369 378 397 398 403 417 419 435 440
201 30 261 263 384 390 451
202 15 59 69 74 130 173 174 191 244 261 298 309 338 346 347 353 390 394 397 434
203 0 4 25 30 34 36 42 56 66 90 93 101 121 140 159 173 203 225 233 289 292 311 323 341 342 397 402 435 439 440 441
204 188 192 201 248 273 300 349 352 384 395
205 46 67 113 171 249 425
206 13 18 56 74 113 129 145 169 174 185 201 220 238 247 267 272 277 345 352 357 436 462
207 2 49 51 113 144 196 210 301 311 318 320 399 436
208 92 173 201 247 251 262
209 4 62 75 118 132 162 182 184 187 190 217 226 301 365 401
210 176 226 248 265 374 394 416 438
211 40 262 323 431
212 2 17 33 62 126 140 168 185 213 257 277 286 292 310 361 395 418 425
213 38 46 73 90 118 122 290 324 331 338 339 345 355 375 381 384 411 417
214 15 30 48 53 55 72 90 122 125 126 131 151 162 163 171 174 187 209 210 227 231 235 252 267 295 305 313 324 336 366 368 373 376 380 392 398 399 403 409 411 445 451 455
215 33 59 215 349 354
216 15 29 60 74 98 101 112 199 200 207 228 236 260 284 289 317 329 331 334 347 348 362 367 371 394 426 432 434 439 447 450
217 0 6 25 30 96 106 128 184 234 308 347 351 378 436
218 12 18 67 185 326 365
219 32 48 70 155 156 162 164 168 190 209 228 235 240 241 253 261 264 330 332 378 381 394 404 430 444
220 57 100 255 449
221 5 15 90 92 114 130 167 198 226 230 239 245 248 267 357 359 379 399 439 449 454
222 0 109 187 204 360
223 5 124 144 151 210 226 286
224 0 16 17 20 22 24 29 38 53 57 59 62 63 72 86 112 114 122 135 144 167 169 171 176 184 185 189 196 202 203 212 216 217 223 227 260 267 277 284 285 296 299 301 302 313 320 322 328 343 359 362 364 368 370 371 376 382 389 390 394 408 410 425 426 428 430 434 439 444 454
225 90 101 114 141 158 199 252 271 284 313 325 364 367 370 378 419 462
226 61 90 98 353 372 377 394
227 13 50 60 79 86 115 127 170 178 185 193 232 233 244 248 267 277 285 291 295 312 336 337 342 347 351 364 366 367 373 378 415 436 441 442 445
228 80 381 404 409
229 0 9 14 29 37 44 59 94 109 112 118 201 226 258 270 271 286 300 316 334 340 363 380 382 438 439
230 95 98 210 226 231 283 399 407 419
231 0 98 122 226 265 374 407 419
232 13 62 72 174 199 201 244 252 326 348 364 390 395 427 441 442 449 463
233 12 23 72 91 98 121 124 136 196 205 206 215 217 244 281 292 299 319 346 366 379 394 398 437 439 440
234 74 92 109 121 240 345 394 397 416
235 17 25 32 52 59 60 69 70 78 85 91 93 95 105 107 111 117 119 125 132 150 151 154 166 177 196 210 217 227 236 246 252 258 278 293 303 314 315 367 368 370 386 388 402 421 432 433 456 459
236 30 40 85 109 133 150 173 181 196 244 249 279 283 296 308 316 324 331 337 354
237 14 49 54 84 96 120 122 141 160 177 222 226 243 248 280 295 301 310 365 380 390 395 402 434
238 99 118 125 146 210 230 231 282 311 321 335 372 387 394 407 419
239 27 77 90 399 417 426
240 2 11 17 22 27 32 60 67 68 75 93 100 103 106 112 114 140 160 161 174 184 186 187 202 206 216 222 224 227 229 232 233 240 243 244 246 247 248 255 256 263 266 267 271 276 281 296 298 312 313 324 350 359 362 365 368 378 395 401 410 425 432 444 451 452 455 457
241 2 5 6 9 12 14 18 20 23 27 30 31 32 33 36 38 41 42 45 48 51 53 55 56 59 61 63 66 70 74 75 81 82 83 84 88 92 93 96 98 102 103 104 109 113 118 120 123 124 127 132 133 143 144 152 155 161 164 166 169 170 171 172 178 179 184 192 194 196 203 206 209 210 215 216 217 218 220 221 223 225 226 231 233 242 247 252 253 264 266 267 270 275 277 278 280 282 283 288 292 293 294 299 302 314 317 324 325 326 330 331 332 341 344 349 351 352 354 355 360 362 363 364 365 370 374 375 378 379 383 388 390 399 402 403 407 416 417 418 419 422 431 433 434 437 439 440 444 450 453 454 456 463
242 71 90 94 104 114 127 144 182 201 205 221 223 234 247 260 267 268 270 311 326 328 348 360 394
243 3 15 23 49 72 83 87 92 106 140 150 174 183 202 210 244 298 379 383 384 396
244 21 65 79 80 147 195 243 263 302 364 372 441
245 10 25 26 95 96 104 122 127 167 178 184 196 220 221 226 295 299 301 348 357 378 394 408 427 449 450 454
246 107 122 216 228 236 240 254 260 378 456
247 42 92 185 208 300 338 377 380
248 15 134 173 187 451 453
249 57 168 171 201 300
250 0 16 28 33 36 42 44 56 61 62 70 71 72 83 86 98 105 110 111 113 116 121 125 127 132 141 161 164 168 174 178 184 194 200 203 213 216 217 227 233 234 239 242 247 253 260 261 266 270 277 278 281 284 290 292 309 311 317 326 344 368 369 383 385 387 390 391 397 398 402 405 414 424 428 437 438 440 450 463
251 57 178 333 357 423
252 114 136 210 265 308 312 364 381 398
253 2 15 17 18 22 37 47 90 104 128 175 178 189 210 221 238 242 261 320 325 327 329 332 342 365 369 374 418 452 457
254 15 44 47 88 92 121 181 187 215 298 311 357 392 396 397 402
255 41 50 130 153 170 174 175 225 243 301 350 384 453 461
256 44 133 140 179 201 216 262 292 329 351 375 395 406 435
257 0 20 31 40 46 53 55 59 64 131 135 153 160 169 174 183 186 198 205 210 212 224 225 229 246 247 256 269 275 277 295 308 348 371 376 378 383 388 400 420 425 437 445 461
258 3 29 112 271 371 382 451
259 263
260 55 143 217 229 248 392 399 458
261 5 22 42 51 54 62 99 107 171 187 201 210 238 282 311 317 320 321 365 366 367 387 413 439 441 450 454
262 57 151 174 186 243
263 0 5 27 43 51 53 54 55 62 66 68 69 70 78 79 84 96 111 141 146 157 170 174 184 187 189 194 200 202 214 216 249 250 258 260 276 289 292 295 303 305 321 334 337 346 356 364 368 371 385 391 398 406 409 411 413 425 431 437 441 451 457 458 463 464
264 28 58 75 79 151 162 204 248 266 321 325 402
265 40 133 422
266 10 11 14 15 39 53 54 83 96 98 119 140 151 158 162 167 168 171 181 182 201 204 205 249 253 266 296 301 308 326 336 349 361 379 384 403 404 428 434 446
267 122 130 133 175 210 211 218 259 270 292 311 326 327 355 357 371 372 374 379 380 390 397 401 402 410
268 6 42 65 101 109 124 135 223 365 378 394 401 418 435
269 14 28 44 53 108 112 264 266 324 361 379 403 445
270 32 57 71 90 130 182 187 244 247 303 311 359 397 451
271 3 11 81 127 159 171 188 211 263 276 301 303 311 358 372 382 396 413 441 455 463
272 121 181 188 265 272 316 359 393 409 413
273 61 80 144 267 346 384
274 15 27 39 49 51 57 60 66 69 76 78 88 96 103 114 125 128 139 141 144 151 153 156 158 161 166 167 173 178 181 186 198 201 212 220 224 233 239 240 243 253 257 263 274 285 310 326 334 341 350 354 362 365 376 389 399 400 413 425 427 431 439 449 459 464
275 72 98 435 457
276 13 21 32 48 52 53 57 67 69 78 83 85 86 90 91 108 115 122 129 132 134 139 151 152 153 157 172 174 188 201 203 214 229 240 244 248 256 258 264 272 274 276 278 283 286 290 292 294 299 300 305 306 316 323 330 346 348 349 356 357 360 369 373 388 390 392 393 396 398 399 403 411 433 447 460 464
277 5 39 44 68 90 92 95 106 110 141 144 200 225 238 242 244 256 261 319 338 346 357 359 372 387
278 25 65 67 74 101 120 125 129 144 158 166 167 180 192 200 210 215 216 224 232 253 299 315 317 328 342 383 417 456
279 30 85 265 279 402 432
280 38 56 91 92 113 122 255 301 302 397
281 2 30 33 61 65 71 86 90 102 104 121 127 141 150 161 165 167 171 172 178 186 187 200 203 233 234 242 260 278 291 292 297 330 349 367 368 369 371 397 401 405 408 409 414 419 440 456
282 42 230 231 332 335 338 350 364 374
283 27 130 171 248 266 323 368 377 380 431 451
284 19 77 196 258 311 322 326 347 398
285 22 92 102 136 189 225 244 271 292 342 345 364 457
286 210 365 372
287 0 90 173 218 244 282 286 300 441
288 14 25 42 102 244 313 394
289 65 101 121 130 133 171 286 301 311 317 319 364 377 380 398 401 426 464
290 168 188 205 209 273
291 72 119 167 285 367 390
292 13 17 27 44 50 54 130 134 151 167 203 235 248 251
293 3 43 55 66 74 76 84 86 89 94 119 125 154 160 161 163 165 189 202 208 224 227 235 246 254 344 373 378 387 390 392 401 414 421 433 447 451 457
294 30 42 65 79 97 129 155 161 243 248 266 310 313 360 403 412 459
295 71 72 80 93 122 190 300 338 357 389 402 437
296 79 188 204 267 273 352 358 425
297 0 22 37 42 60 61 81 87 104 113 132 136 172 222 230 234 239 248 271 283 308 309 340 360 365 371 372 378 382 387 390 401 418 446 453 455
298 20 22 67 90 91 92 100 112 120 122 133 186 239 248 284 292 300 324 402 411 451
299 9 16 17 38 74 82 87 98 102 113 157 158 166 175 176 180 190 199 206 209 213 225 226 232 234 255 267 284 300 303 313 319 339 341 351 372 379 390 418 428 450
300 42 78 89 187 226 292 300 364 366 372 389 445
301 55 86 243 278 344 425 451 464
302 180 186 266 323 424
303 11 25 29 30 43 59 62 68 70 93 107 109 111 112 113 125 131 133 134 181 194 198 202 216 218 232 233 234 236 246 288 289 292 298 302 317 357 359 360 364 368 418 433 444 445 454 458 464
304 11 13 17 24 28 29 31 55 57 61 69 79 85 119 128 131 150 181 183 185 187 194 201 212 224 240 241 243 256 257 266 279 290 293 354 357 368 369 376 378 383 388 390 394 397 420 428 434 439 444 446 452 461 462
305 5 30 58 74 86 88 91 105 106 110 134 170 228 240 293 327 336 367 439 459
306 61 63 91 93 96 97 122 125 155 160 172 178 196 206 237 246 266 280 294 301 310 345 351 375 379 390 392 395 398 413
307 60 65 91 163 170 174 181 185 214 227 232 243 244 291 336 344 390 429 442 445
308 0 84 113 166 216 384 458
309 57 65 76 128 166 174 232 309 346 364 390
310 2 37 84 95 96 97 120 125 126 127 132 170 184 207 213 220 224 227 245 253 261 280 301 342 349 352 365 378 379 380 381 405 428 429 434 435 449 453
311 40 44 90 100 130 133 150 181 226 239 247 265 292 336 345 365 380 397 401 410 430
312 0 87 121 128 130 223 267 276 331 373 460
313 47 80
314 30 58 61 105 151 185 194 203 225 315 360 436
315 34 49 87 93 110 163 221 242 254 255 267 268 270 284 290 298 299 300 308 378 437 449
316 44 66 114 216 323
317 4 29 51 54 65 74 93 109 121 130 223 229 238 268 270 284 297 342 347 357 363 364 365 371 375 395 455
318 98 99 140 168 174 210 276 316 331 338 353 381 404 426
319 19 77 106 109 133 194 205 254 284 292 347 353 357 431 453
320 46 62 95 126 244 286 318 332 359 370 375 379 380 422 430 443
321 90 94 153 226 230 282 365
322 87 132 182 211 224 234 365 372 384 398 409 423 438 453
323 40 113 153 278 431 451
324 90 229 338 416
325 9 25 61 74 76 81 90 91 98 104 122 124 171 172 190 194 213 222 226 248 317 342 359 360 379 393 454 462
326 46 57 90 239 241 247 311 313 324 326 345 347 380 394 411
327 47 87 226 309
328 224
329 12 25 46 53 83 90 173 210 218 247 261 268 326 353 380 450 452 457
330 91 151 173 422
331 392
332 373
333 1 7 24 38 44 53 57 81 95 111 114 134 139 144 145 147 151 153 158 160 180 183 192 206 214 223 225 248 263 266 293 299 336 362 457
334 5 37 60 74 181 217 299 429
335 87 95 130 146 226 230 231 381 399 407 419
336 13 30 42 50 53 122 163 170 185 195 222 229 232 240 243 244 288 295 308 312 326 354 364 371 373 390 394 397 402 405 411 441 442 445
337 19 31 131 155 183 185 198 205 224 242 244 256 257 263 275 281 294 304 310 354 361 390 394 420 437 461
338 185
339 15 34 42 196 286 331 375 394
340 2 113 159 162 276 363 382
341 29 55 70 76 113 121 151 155 157 175 181 193 194 206 231 236 244 255 274 278 279 281 292 301 302 317 321 323 326 329 334 385 389 392 394 418 429 435 447 454 458
342 84 92 93 94 107 130 144 168 187 202 238 240 244 247 248 278 280 282 360 382 394 397 398 399 451 462
343 44 103 226 316 323 347 423 431 458
344 19 43 76 77 80 113 170 216 222 225 227 252 280 281 312 317 336 341 343 364 365 367 368 378 397 405 415 444
345 73 113 170 451
346 14 121 218 253 260 263 398
347 90 113 187 247 248
348 0 47 61 90 93 150 196 199 201 205 213 217 234 248 271 312 331 338 339 342 347 375 394 397 398 413 434 447
349 9 15 92 94 96 100 104 110 128 167 190 217 245 253 267 297 325 362 369 374 399 402 403 426 428
350 30 33 57 67 106 157 173 185 292 309 310 312 320 371 384 388 397 451 455
351 89 319 323 343
352 50 151 263 312 358 451
353 98 361
354 17 54 117 144 151 163 181 199 325 328 348 407 427 435
355
356 2 5 12 14 33 38 43 44 48 54 58 62 67 94 134 144 171 178 185 225 232 283 285 288 305 311 342 344 348 386 396 399 401 415
357 72 92 130 173 186 187 208 311 313 316 336 355
358 73 384 434
359 36 73 186 223 286 453
360 6 36 58 61 67 76 188 196 248 280 304 321 362 455 460
361 6 10 22 35 36 54 100 108 112 113 140 201 204 206 207 338 361 374 379 423 434 442 462
362 15 53 74 143 178 204 247 248 267 273 284 367 437 450
363 3 29 44 48 56 62 112 159 182 231 258 271 298 322 338 374 382 390 394 402 438
364 4 46 77 80 84 116 248 308 357 367 376 392 395
365 18 22 37 56 71 87 98 112 132 147 176 186 194 210 211 226 230 248 262 286 303 327 360 372 374 401 451
366 79 126 147 163 204 244 252 272 278 295 390 418 423
367 74 113 225 248 272 373 378 417 418
368 30 68 72 79 80 91 93 101 102 119 136 190 203 213 239 260 263 309 331 355 378 414 419 431 450 457
369 16 39 40 53 56 61 63 74 82 86 90 93 95 99 151 162 199 234 242 245 260 267 270 290 292 311 317 324 325 336 341 348 359 363 372 375 383 394 405 414 418 430 437 451
370 40 168 171 206
371 3 18 29 36 41 67 81 83 98 112 136 194 222 229 235 236 249 258 271 316 322 327 340 359 360 363 365 382 438 455
372 85
373 13 15 68 72 90 93 101 104 107 114 163 171 172 193 216 224 225 228 232 233 243 248 272 292 293 320 324 378 395 441 442 445 446
374 125 353 380 394 416 424
375 23 120 325 331 407 455
376 20 55 79 131 141 179 180 185 224 240 249 290 348 353 354 359 370 388 401 419 428 445
377 21 135 173 323
378 17 19 25 30 57 58 65 72 101 106 111 129 155 157 158 163 165 166 167 179 189 232 240 249 252 254 284 295 297 316 323 345 362 364 367 383 426 437 445 447
379 0 36 49 133 144 186 196 248 272 286 311 359 380 393 413 455
380 27 56 125 151 175 208 262 377 411 423 427
381 122
382 3 56 121 369 440
383 36 67 90 167 178 196 199 284 326 367
384 111 312 366 384
385 19 32 38 48 70 74 75 85 101 120 158 159 161 167 183 196 201 217 224 225 230 238 243 244 252 281 297 310 326 336 344 347 356 362 369 378 383 411 437 439 463
386 41 45 88 101 112 229 270 288 332 368 371 382 424 426 443 452 456
387 73 95 118 146 194 226 259 335 374 407 419
388 84 96 101 216 345 364 435
389 19 52 114 115 153 166 170 185 214 222 227 235 255 276 300 307 312 315 364 366 376 411 441
390 30 34 49 84 89 98 133 153 181 187 205 232 240 244 258 306 365 394 399 402 410 423
391 2 49 52 53 65 85 117 118 123 124 134 154 158 159 200 214 217 228 233 235 254 278 281 293 305 312 334 340 341 392 398 400 409 411 421 422 432 447
392 37 51 57 76 88 101 113 122 154 158 166 180 192 202 222 233 242 252 255 256 279 287 313 317 344 377 378 400 405 419 421 431 442 447 451
393 9 36 40 42 122 187 248 313 380 394 399 453
394 21 27 30 56 172 195 240 279 326 355 434
395 21 77 84 106 116 140 174 228 240 290 308 319 321
396 262 455
397 196 317
398 0 22 62 68 93 126 144 147 150 213 217 241 254 311 339 351 375 379 380 394
399 44 186 423
400 0 14 28 48 75 85 98 122 125 134 141 144 160 163 180 187 194 228 229 243 245 246 269 275 314 315 319 328 361 388 390 406 415 433 447
401 27 40 90 130 186 211 254 283 292 323 431
402 34 262 292
403 62 73 173 190 239 247 251 262 267 283 292 326 360 372 380 399 401 414 419 446 451
404 6 30 111 206 308 330 332 381 425 434
405 0 37 70 76 86 87 116 121 167 180 196 203 205 217 222 225 233 322 343 351 368 373 378 414 417 440 445
406 14 62 86 93 106 165 166 178 181 267 268 290 309 322 323 325 346 357 370 373 375 399 409 412 429 434 457 458
407 95 133 146 205 419 434
408 150 225 248 286 322 365
409 48 80 171 203 338 383
410 30 69 89 98 111 131 151 187 208 300 303 326 451
411 43 53 90 93 104 116 119 122 124 134 135 151 158 163 173 189 200 202 203 217 226 240 281 285 289 303 305 311 325 342 344 348 379 394 398 406 424 425 451 464
412 18 44 91 106 140 146 207 228 238 243 244 259 267 271 309 326 335 346 353 390 398 401 407 419 436 443
413 5 36 50 67 92 96 108 114 205 311 338 359 392 395 409
414 47 60 61 66 71 77 82 86 116 121 136 150 178 196 204 208 228 239 270 377 402 426 430
415 14 33 44 45 60 96 101 134 170 193 199 206 209 253 278 281 288 289 325 328 334 341 355 418 456
416 187
417 23 30 77 104 147 168 215 292 402
418 6 30 109 226 228 265 270 312 360 440
419 30 37 49 62 67 68 72 75 91 95 121 144 170 224 234 258 284 287 353 434 451
420 30 31 39 44 54 91 100 131 169 179 198 201 205 206 212 275 284 302 325 384 388 394 435 441
421 23 49 77 107 108 122 134 152 154 171 181 200 210 216 248 272 283 284 314 337 350 380 388 395 400 413 415 421 422 425 459
422 381
423 210 262
424 6 14 65 151 190 222 229 258 271 278 285 297 340 363 365 371 419 430 439
425 10 15 17 49 96 120 125 158 178 188 227 233 242 243 245 266 302 347 382 384 397 398 431 433 446 451
426 90 130 221 248 286 328 336 347 377 455
427 21 70 74 90 95 97 144 153 174 179 185 186 201 221 222 238 278 290 304 305 350 359 361 370 374 378 407 412 459
428 0 10 11 30 39 42 60 65 69 82 91 101 114 116 119 122 126 127 128 144 151 166 167 178 184 187 212 223 229 231 234 243 246 254 260 271 311 317 320 329 336 342 348 349 353 369 383 397 403 413 437 446
429 261
430 62 73 122 126 181 217 223 229 330 332 359 379 404 437
431 404
432 255 458
433 12 30 53 60 61 84 108 114 122 136 170 171 179 204 215 220 236 239 255 268 279 292 327 336 338 341 344 355 360 378 383 404 405 426 431 455
434 22 106 178 205 244 263 311 326 345
435 54 271 302 313 317 449 451
436 26 53 70 96 122 316 408 433
437 46 124 165 212 241 255 286 301 319 375 392 404 431
438 57 60 205 299 313 322
439 42 93 108 136 192 326
440 57 133 196 209 247 324 345 395 434
441 22 44 50 53 54 61 72 79 82 151 170 185 244 312 317 337 357 458
442 8 11 15 50 72 76 79 87 107 114 125 132 137 168 202 210 232 244 268 290 312 339 348 375 380 385 423 441 457
443 2 26 88 113 171 259 436
444 45 62 75 104 119 132 190 216 225 325 364 371
445 50 60 72 79 143 163 179 180 181 185 194 197 203 210 232 243 248 335 357 387 398 441 442 458
446 46 53 73 82 108 175 380 423 439
447 32 58 65 72 93 101 108 132 141 190 205 209 230 253 261 263 277 301 315 326 424 429
448 286 332
449 0 22 42 63 132 133 178 238 404 453
450 3 218 229 280 363 445 446
451 93 130 157 263 336 346 438
452 14 18 25 30 39 79 96 126 171 185 209 221 261 267 316 327 365 403 443 457
453 92 244 380
454 15 56 74 80 81 95 132 172 187 211 238 241 265 267 297 321 326 338 342 348 359 360 388 399 401 402 417 434 458
455 56
456 107 110 128 129 160 166 189 216 248 285 329 351 355 366 377 394 414 432 455
457 12 22 30 51 54 62 115 118 130 196 208 222 280 284 305 342 347 360 376 399 407 412 443
458 94 119 248 346 350
459 59 60 90 110 114 122 125 140 144 150 173 187 206 216 225 240 243 261 272 279 286 311 349 364 374 390 400 429 447
460 21 24 55 57 65 70 90 104 111 114 133 134 147 151 169 199 206 209 223 261 276 277 280 294 306 361 362 365 392 400 406 420 431 443
461 37 131 151 169 179 198 203 204 212 232 248 249 258 338 345 346 376 384 388 420 425
462 83 113 210 223 365 458
463 3 17 33 45 67 81 88 99 104 112 119 120 130 131 132 135 152 159 161 197 209 216 218 225 229 238 242 258 261 271 278 281 294 297 299 312 317 325 340 341 343 363 371 386 387 409 415 418 424 438 444 454 462
464 5 10 14 31 32 40 42 43 47 52 58 61 75 76 83 125 132 134 144 151 172 180 182 192 194 197 204 209 241 272 282 283 286 316 317 325 328 348 360 364 379 381 394 399 408 409 413 420 425 437 444 450 454 462 464
