#/Users/tangruijie/anaconda3/envs/l/lib/python3.12/site-packages/ipykernel_launcher.py -f /Users/tangruijie/Library/Jupyter/runtime/kernel-0794e0b6-3b17-4898-bbaf-d11e493fb309.json
# GMT Mon Sep  9 17:43:07 2024
# 
0
1
2
3
4 358
5 103 157 297
6 45 209 422
7
8 223 313
9
10 43 67 147 264 342 411
11 11 20 60 98 100 109 151 156 179 188 196 201 213 224 257 268 352 359 361 362 376 422 441
12 30 451
13 1 6 11 17 31 39 42 101 114 129 142 147 177 182 183 204 205 208 257 266 283 324 337 338 349 375 379 380 383 420 428 438
14
15 106
16
17 16 31 84 97 101 128 139 150 183 184 193 203 213 243 258 275 284 310 322 336 338 344 357 383 397 432 442 461
18
19
20 2 97 146 160 164 233 310 398 415 423
21 293
22
23
24
25
26
27
28 134 385 387
29
30 427 460
31 239
32 85 105 236 246 249 293 386 392 424
33
34
35 0 227 434
36
37
38
39 33 39 79 105 110 199 386 424
40
41
42
43 13 49 72 125 129 146 177 187 226 232 243 256 274 337 367 441
44
45
46 62 121 202 305 365 399 414 438
47 354 390 435
48
49 124
50
51
52 277 391
53 73 106 352 452
54 10 65 216 304 308 329 402
55
56
57
58
59 122 335
60
61 185 430
62 5 52 56 85 97 107 146 167 170 183 235 236 238 246 255 259 304 315 335 392 419 421 447
63
64
65 288 363
66
67
68 89 121 198 236 410 419
69
70 385
71
72 261 268 300 450
73
74 103
75 210
76
77
78 28 38 39 111 144 145 195 313 399 420 425 453
79 6 10 28 30 31 42 44 48 55 59 70 71 92 111 125 130 131 137 144 150 153 158 160 171 196 201 212 217 221 224 245 257 271 278 279 280 287 290 292 295 298 299 302 303 304 308 310 315 319 325 329 334 345 354 372 380 393 399 406 410 432 433
80
81
82
83
84 67 143
85 413
86
87
88
89 427
90 18 147 231 292 325 365
91 29 97 112 240 303 334 415 436 443
92
93
94
95 448
96 17 26 105 131 164 220 253 323 355
97 3 10 24 29 31 32 35 38 44 56 65 71 76 113 115 120 128 131 145 146 151 153 158 159 164 166 167 172 178 179 180 194 204 205 206 217 218 220 229 230 231 233 234 250 251 258 271 274 276 278 284 290 292 299 308 313 315 316 322 326 345 352 357 368 371 372 382 383 384 390 394 399 401 402 428 439 440 453 460
98 67
99 30 49 54 66 69 78 145 160 164 186 191 203 217 303 360 375 394 398 413
100 53 350
101
102
103
104
105 7 280
106
107 175
108
109
110
111 44 51
112
113
114 16
115 94
116
117 296
118 24 258 309 333 337
119
120 64 70 91 100 155 182 195 266 275 361 393
121 42 132 221 266
122 3 45 75 119 120 123 159 197 209 241 255 310 322 360 380 433 438 463
123
124
125
126
127
128 34
129
130
131 61 215 302 446
132 181 228
133 146 187 451 457
134 82
135 30 366
136
137
138
139
140
141 57 131 214 276 295 427
142 65 98
143
144 273 345
145
146
147 277
148
149
150
151 32
152 218 308
153 135
154 141
155 37 48 87 117 184 239 245 253 255 278 316 405 432 464
156
157
158
159
160
161 83 207 307 326 381
162 377
163
164 88 189
165
166 205
167
168 149 201 372
169 6
170 54
171
172 227 353
173 90 130 328 397
174 12 57 95 210 230 281 339
175
176
177 405
178 226
179
180 229 249 397
181
182
183
184
185 28 63 90 133 205 291 329 356 387 399 400 411 452 454
186
187
188 0 5 38 39 101 122 127 150 181 182 207 316 389
189 38
190 412 457
191 231 304 376
192 23 75 448
193 22 204
194
195 403
196
197
198
199 262
200
201 416
202 43 59 72 118 180 191 303 350 357 364
203
204 204
205
206
207 158 426
208 11 20 35 95 156 188 447
209 75 404
210
211 27 256 298
212 258
213
214
215
216 178 239 250 331 345 368
217 24 38
218 276 398
219
220 405
221
222 382
223
224 2 6 12 19 26 30 32 33 40 44 47 48 51 52 60 61 66 72 76 85 92 93 97 115 120 128 129 134 136 146 151 157 163 164 170 173 184 186 200 202 203 208 230 232 233 236 238 239 242 243 244 250 253 254 255 276 281 292 303 309 311 315 319 323 325 336 341 344 351 354 357 373 375 377 393 394 397 398 400 407 409 411 419 433 435 441 445 447 449 451 454 464
225 136 141
226 223
227 388
228 218 355
229 29
230
231 0
232 135 159 195 197 241 264 422
233
234 83
235
236
237 36 64 104 237 248 265 322 333 359 400 402 454
238
239
240 10
241
242
243 83 388
244 178 210 281 311 452
245
246 295 434
247
248
249
250 269 296 358 361
251
252 332
253
254
255 89 170 350
256 69 231
257 423
258 371
259
260
261 10 16 122 153 168 201 299 302 304 361 376 447
262 43 59 127 191 202 240 270 303 311 411 416 451 458
263
264
265
266 25 266
267
268
269 26 101 295 395
270
271
272
273 143 226 309 415 434
274 11
275 39 79 92 111 285 301 384 395 420 435
276 53 100 240 346
277
278 195
279 279
280 37 140 264 311 372
281
282
283 106 410
284
285 12 57
286
287 113 416
288 97 328
289
290 125 160 346
291
292 283 290 323 377
293
294 157 403
295 389
296 168 185 204 257 266 341 365 406 425
297
298 1 2 20 41 308
299
300 203 240 375
301 18 83 221 253 268
302
303 236 257 331 348 378
304 74 367
305
306 117 128 237 403 452
307 74
308
309 166
310 26 34 77 215 244 292 311 456
311
312
313
314
315
316 366
317
318
319
320 123 174 179 241 297 298 305 307 317 331 350 354 387 388 409 424 461 463
321
322
323 29 42 44 89 91 131 151 153 154 170 174 177 187 214 237 292 293 306 364 373 395 398 410 413 419 421 441
324 251 410
325
326 74
327
328
329
330 69 163 214 267 274 276 305 330
331
332 114
333 43 56 289
334 119
335 327
336
337 446
338
339 47
340 3 45 112 162 271
341
342 360 449
343 396
344
345 20 169 185 224 376 402 425
346 27 44 56 68 69 78 89 122 160 163 169 170 191 192 202 214 224 263 295 303 309 350 359 398 411
347
348
349 3
350 3 16 23 30 31 40 57 60 81 83 103 130 135 140 159 173 178 179 184 190 198 200 202 203 208 215 245 251 256 258 272 275 277 292 298 310 316 317 323 361 362 371 378 379 397 398 403 409 411 415 420 425 433 435 438 459 463
351
352 446
353
354 62 211 454
355
356 103 254 298
357
358 15 160
359
360 149
361 57 85 93 112 139 154 198 298 317 378 391 434 445 455 457
362
363
364 1 18 19 40 42 48 57 67 69 87 89 117 120 139 173 187 206 226 236 238 253 259 286 300 321 327 342 400 418 419 427 441 444
365 50 442
366 7 10 20 131 224 256 296 304 376 388 390 425 461
367 70 148 225 318
368
369
370 171 280
371
372
373
374 424
375
376
377
378 350
379
380
381
382
383
384 140 218 390 416
385
386
387
388
389 49 71 161 165 174 201 217 238 240 244 250 298 311 329 342 346 366 440 451 452
390 162 205 264 267 362
391
392
393
394
395
396
397
398
399
400 144 464
401 126 233 240 319
402
403
404 111 257 302 431
405
406 23 30 71 92 110 112 119 130 217 226 284 292 297 305 311 317 363 375 398 463
407
408
409
410 22 61 168 178 404 462
411 139
412 16 22 168 220 419 430
413
414
415
416 423
417
418
419
420 61
421
422 14 17 58 68 131 191 197 212 224 295 297 343 386 408 409 411
423
424 63 132 159 188 347
425 73 423
426
427
428 0 44 54 79 122 134 144 165 170 237 238 243 250 254 263 280 334 346 366 379 381 398 406 414
429
430
431 50
432 14 175 245 262 266 294 396
433
434 30 43 47 60 72 95 120 121 122 125 127 144 150 153 160 168 181 184 186 188 204 207 220 236 239 243 245 250 253 254 256 266 268 279 281 289 299 310 323 338 351 357 375 376 406 409 411 433 449
435 25 27 44 63 66 71 128 151 161 165 174 244 281 291 335 345 346 390 412 444
436 122 408
437 20 57 111 179 224 256 427
438
439
440 156 383
441 20 79 184 240 244 350 366 425 457
442 68 350
443 181 298 429
444
445 388
446
447 199 201 230
448
449
450
451
452 2 28 44 78 84 90 91 116 120 125 140 154 160 200 207 212 242 246 254 255 274 276 277 283 293 294 301 305 318 320 357 360 388 404 406 412 413 460
453
454 21 213 388 447
455
456
457 34 56 85 115 120 127 144 250 254 292 311 385 397 409 414 456
458 134 253 356
459
460
461
462
463
464
