#causal_discovery_varlingam.py data/Cleaned_SP500_Data_latest_return.csv 2 latest_sp500_return varlingam 5
# GMT Mon Sep  2 17:58:11 2024
# 
0 19 90 101 112 150 270 290 311 321 345 351 375 408 417 426
1 7 24 57 78 85 95 103 114 129 139 147 151 156 164 165 212 224 235 260 263 274 276 277 306 324 326 348 349 350 358 380 391 392 416 460
2 26 66 92 131 259 373 377 397 436
3 61 270 311
4 0 64 87 211 222 272 303 329
5 13 25 51 53 58 67 68 210 248 271 289 318 342 378 413
6 27 36 109 124 150 408
7 55 60 61 74 113 132 136 139 144 151 153 178 179 206 221 240 247 271 276 277 278 299 330 342 365 371 379 432 447 460
8 52 99 111 121 151 187 200 238 243 278 333 337 344 385 389 392
9 47 79 159 265 283 322 413 414
10 26 35 57 59 100 113 159 196 201 204 290 298 380 408 411
11 40 60 151 188 204 257 273 296 300 308 352 358 384 452
12 30 66 85 130 346 421 435 453
13 42 72 76 151 249 303 312 342 346 350 369 374 427 433 441 442 451 458
14 6 28 44 51 65 122 144 181 238 287 311 316 334 341 429 431 458
15 55 63 83 92 125 132 144 151 176 223 261 265 324 350 364 379 399 413
16 0 3 15 39 51 79 82 104 149 178 189 196 270 295 362 379 399 451
17 62 68 109 118 177 203 254 273 280 291 319 338 359 383 389 454
18 3 22 95 176 270 284 321 374 381 387 399
19 77 90 186 187 286 347 390 426 431
20 5 20 35 37 44 45 49 65 91 93 99 105 122 138 169 179 184 185 201 213 224 227 242 263 302 315 323 342 359 361 364 365 368 372 395 401 422 425 434 446
21 4 21 36 38 43 47 69 82 90 97 102 110 147 153 165 174 179 201 230 232 242 277 290 303 306 328 336 360 362 364 365 376 390 416 418 420 427 430 431 458
22 36 47 54 87 112 131 211 240 322 327 372 406 416
23 124 174 215 262 303 350 412
24 38 39 144 145 192 203 221 267 270 303 357 359 369 426 428 453
25 74 93 132 274 401
26 426
27 66 201 208 211 217 346 380 451
28 134 140 150 213 221 254 321 348 429
29 3 27 36 45 112 224 271 306 312 325 369 382 399 455
30 5 30 42 61 66 78 92 105 130 192 201 209 338 350 390 402 446
31 33 54 75 166 170 179 198 209 212 222 243 256 264 275 278 291 302 313 403 435
32 22 24 37 51 93 95 98 99 118 126 138 162 210 217 230 231 238 253 261 265 276 282 313 314 321 329 335 349 361 362 365 383 387 402 404 407 419 424 450 452 457
33 9 16 23 61 82 102 110 127 132 138 166 173 189 203 204 210 223 253 267 270 288 306 325 326 328 349 368 371 374 394 399 401 402 417 423 439 451
34 90 150 218 292 369 390
35 11 28 47 168 186 226 235 249 384 434 438
36 150 248 316 346 453
37 18 22 87 95 99 113 176 213 238 247 270 300 327 372 387
38 17 36 37 55 63 98 99 104 118 184 187 192 199 265 266 273 275 278 316 336 357 361 370 387 390
39 6 13 15 39 42 54 61 67 90 92 97 108 112 136 196 199 207 217 228 254 290 321 324 370 371 374 379 399 417 422 451
40 113 423
41 90
42 6 92 124 283 451
43 5 14 53 54 66 67 86 90 92 103 119 157 170 191 209 214 216 224 254 256 261 264 265 272 285 286 325 343 350 357 364 396 412 431 456 458 462
44 33 89 187 214 229 238 283 303 357
45 41 81 92 135 138 159 199 210 229 302 340 371 382
46 73 168 175 262 323 370 377 402 423
47 33 44 204 293 394 402
48 36 38 40 48 54 64 76 94 128 132 134 135 138 151 156 167 182 185 195 201 241 254 264 265 272 278 293 298 306 324 349 380 409 413 419 454 464
49 30 196
50 10 151 312 369
51 7 37 99 201 225 226 238 292 318 320 335 387 394 399
52 31 43 76 97 117 120 125 255 278 281 293 294 314 315 341 378 392 405 406 415 421 432 447 451 454 463
53 10 35 46 96 100 114 121 132 205 248 296 326 352 361 458
54 12 66 67 78 91 109 201 213 217 218 249 322 346 371 380 384 419 422 451
55 9 20 24 27 30 32 38 42 70 102 104 143 169 174 206 221 224 240 245 253 267 278 343 349 373 374 388 399 410 428
56 80 85 263
57 0 2 12 13 21 60 63 70 92 111 112 115 127 143 147 164 165 189 206 222 240 251 260 266 271 277 278 280 304 335 336 337 368 370 374 390 392 393 394 396 397 409 413 427 428 434 439 450 451 459 461
58 31 55 96 109 113 140 202 225 238 267 286 327 433
59 90 191 201 290 303 309 350 390 392
60 0 44 166 173 181 186 260 289 321 326 351 363 426
61 10 22 34 54 56 71 74 83 113 133 136 144 187 207 211 217 224 233 248 270 301 324 327 331 360 394 397 402 410 415 417 434 440
62 12 54 67 93 94 146 218 230 267 321 322 346 384 401 451
63 36 38 47 63 95 151 187 243 248 292 313 379
64 6 22 30 47 113 121 133 194 292 322 393 423
65 0 19 74 90 108 130 222 229 244 297 365 439
66 113 128 211 262 305
67 12 40 66 113 182 318 343
68 78 111 112 129 130 133 191 196 198 204 226 236 271 343 346 378 448 458
69 28 42 60 62 70 71 78 79 86 99 106 117 125 130 132 140 144 147 151 169 174 178 181 185 186 190 192 198 224 228 238 240 246 262 283 290 293 297 300 303 304 305 325 327 337 345 354 388 390 391 403 411 437 458 459 461
70 0 6 10 32 37 47 50 51 111 118 126 144 155 156 160 174 213 228 229 266 269 275 278 290 304 306 318 329 335 342 348 361 369 370 381 400 402 412 415 419 422 430 439
71 112 113 153 357 434 439 440
72 30 50 79 91 112 150 216 224 236 244 303 311 312 350 371 380 397 406 423
73 27 66 262 396 423
74 36 42 72 113 151 176 187 222 297 303 321 350 365 399 401 418 419 433 439 447 457 462
75 41 58 82 94 102 112 135 172 190 210 213 218 272 300 328 343 362 409 423 446 451 462
76 12 68 92 255 262 272 316 394 409 413 429 448 455
77 80 345
78 5 11 36 43 60 63 68 69 88 89 90 101 125 136 141 160 162 166 167 169 179 202 214 224 238 239 240 241 244 253 254 263 278 284 303 305 309 323 324 335 342 351 356 364 374 387 411 419 431 432 451 461 463
79 55 111 127 151 153 184 206 336 427
80 144 346
81 9 42 64 66 109 131 147 168 176 179 194 210 223 270 286 322 347 393 399 408 419 422 429
82 0 35 147 184 189 226 229 241 254 270 316 317 390 397 431 451
83 9 90 98 113 223 272 393 453 458
84 30 113 132 143 151 203 209 233 236 279
85 3 6 14 23 48 54 58 88 96 97 107 109 112 120 124 131 134 141 151 161 172 206 245 246 249 278 281 293 305 306 328 335 347 392 395 400 411 431 432 436 454 456
86 13 51 60 93 136 171 203 207 244 317 325 342 351 375 407 437
87 263 300 335 372 416
88 6 55 60 90 93 125 132 134 148 216 222 261 284 291 317 342 344 357 363 382 424 455
89 39 40 91 186 236 280 346 355 370 379 390
90 66 228 247 346 380 451
91 7 21 49 69 84 91 92 159 292 294 301 390
92 92
93 32 90 100 113 150 153 157 213 215 217 236 239 240 243 255 309 331 375 406 417
94 122 187 199 213 270 311
95 84 116 204 359 372 394
96 11 49 85 91 254 301 402 411 447
97 39 42 47 63 84 128 129 130 143 159 166 178 225 249 270 311 313 320 357 368 390 413 428 451
98 117
99 22 68 75 76 118 276 312 335 346 374 381 387 407 408 413 419
100 35 44 68 90 106 113 138 168 174 188 273 286 296 327 358 417 423
101 0 6 19 65 82 213 216 284 367 437
102 25 30 71 173 267 311 317 357 377 439 454
103 113 144 258 372 452
104 0 4 9 15 25 64 68 83 94 132 143 172 213 262 267 282 362 364 374 383 387 393 394 413 450 453 454
105 37 41 44 93 160 166 179 184 243 275 299 304 315 318 326 364 373 381 408 439
106 11 151 157 188 244 296 380 384 413 415 451
107 15 19 29 41 42 54 77 109 121 140 144 194 228 236 254 303 311 318 348 351 355 357 360 419 432 434
108 46 60 99 126 159 207 216 248 290 318 320 331 370 436
109 40 109 150 455
110 16 43 55 82 93 149 207 216 221 276 323 359 417 453
111 12 18 20 31 42 51 55 60 98 111 120 131 168 183 185 212 224 240 257 266 269 302 303 304 306 311 313 337 344 350 376 379 384 388 412 418 420 425 428 453 456 458 461 463
112 3 47 113 248 271 300 350 397 458
113 9 30 42 113 216 328 383 447
114 0 83 302 357 369
115 13 16 30 33 39 48 49 52 68 70 77 85 96 111 116 122 129 134 141 147 149 150 155 156 164 172 184 197 198 201 212 222 229 235 236 245 250 263 266 269 278 289 290 306 310 314 315 317 318 336 341 364 369 385 391 398 405 411 417 428 445 446 456 461
116 27 56 121 186 270 290 311 348
117 19 52 55 69 79 91 108 110 118 120 133 134 138 154 160 169 178 187 189 192 227 228 264 276 278 280 285 292 293 298 304 306 314 315 323 327 338 339 341 350 355 379 392 400 406 421 447 459
118 95 122 243 273 311 335 343 350 353 380 449
119 90 122 229 288 325 341 383 392
120 6 13 19 28 36 39 42 43 47 53 59 60 63 68 91 93 100 105 131 148 152 165 166 172 200 203 207 216 236 255 264 280 295 299 301 314 315 320 354 356 359 365 368 369 375 378 395 399 404 408 432 433 435 438 452 456
121 3 47 55 90 94 121 168 202 228 236 240 257 265 308 377 380 397 423 426
122 30 39 49 59 84 91 96 112 131 144 187 195 226 236 244 262 292 300 301 380 390
123 4 11 13 14 15 18 22 25 27 30 31 39 43 47 58 59 61 64 65 67 69 74 76 79 83 91 94 97 99 101 102 106 108 111 119 123 128 129 130 133 134 135 144 146 148 161 164 171 172 173 176 181 182 183 185 189 190 199 204 206 208 211 213 217 220 221 226 228 229 230 238 245 248 251 254 265 267 268 272 275 276 286 289 291 295 297 299 305 316 320 321 328 330 332 341 343 355 356 359 365 367 369 372 375 376 379 381 387 393 394 395 406 408 410 411 412 421 427 431 433 443 445 457 462
124 36 109 144 166 248 379 429
125 19 30 53 56 60 65 104 105 107 112 119 120 140 141 144 146 150 158 160 167 180 225 236 243 254 270 279 283 298 314 357 365 375 406 407 409 414 433 441
126 132 336 381 422 434
127 12 19 22 39 53 65 93 102 114 129 130 165 186 187 203 204 213 217 222 234 260 270 280 295 297 300 303 387 397 407
128 15 47 61 71 76 83 94 104 119 128 167 184 199 205 217 220 221 243 262 293 324 326 338 342 380 383 431
129 90 100 135 184 238 267 273 313 320 371
130 89 90 109 130 132 157 173 182 185 195 229 247 300 355 370 377 378 380 410 455
131 15 17 20 36 61 84 92 104 106 112 113 116 122 128 131 144 153 162 170 171 174 179 191 198 206 212 213 216 224 225 233 240 244 253 256 263 285 302 306 336 337 345 354 357 364 367 375 376 387 388 390 394 398 405 410 417 419 425 434 435 445 451 452 454
132 0 4 42 47 51 64 81 124 223 258 321 448 462
133 44 59 166 186 211 323 349
134 30 62 90 104 111 120 125 154 174 192 201 202 224 246 252 254 255 260 270 290 298 300 303 325 342 350 378 428
135 188 229 276 338 339 377 383 458
136 71 136 187 196 355 402
137 1 7 8 24 32 33 38 42 55 57 69 110 111 114 115 129 139 147 151 163 168 192 195 197 205 206 211 214 216 221 223 226 231 244 250 272 274 276 278 310 327 333 349 357 362 365 385 389 395 415 416 424 458 459 460
138 18 83 104 135 283 292 322 462
139 21 27 44 55 57 59 91 134 147 155 171 178 187 229 235 248 257 263 277 278 292 303 384 396 413 427 459 460
140 150 168 201 204 249 290 451
141 0 14 33 58 76 93 104 109 122 133 150 180 221 230 242 249 251 262 292 293 341 347 406 412 422
142 98 198 216 300 463
143 59 63 93 129 172 213 374
144 6 9 30 36 40 67 83 84 98 109 113 122 133 150 217 229 240 263 360 423 451 453 462
145 12 22 33 38 108 113 127 128 162 172 173 185 196 200 213 224 242 264 282 286 328 349 350 351 366 378 383 451 462
146 151 201 203 244 352 392 419
147 24 42 51 55 76 88 107 111 117 130 131 151 155 158 170 174 193 206 210 228 238 240 257 272 284 295 303 306 323 337 349 350 364 397 400 411 420 459
148 6 25 109 114 141 194 218 222 223 230 244 368 378 394 414 439
149 14 23 40 82 94 113 144 158 187 203 272 324 351 359 453
150 15 255
151 24 30 33 39 42 43 44 47 52 54 58 93 111 114 131 174 206 217 223 240 262 264 274 292 294 304 306 326 335 336 357 372 384 390 398 410 417 418 426 427 431 433 434 437 446 447 451 454 461
152 45 330 371 379 401
153 28 31 33 42 43 48 61 65 69 84 85 91 93 104 109 111 115 117 120 122 125 141 160 165 167 171 174 187 189 193 196 201 214 227 235 237 240 245 249 250 263 267 279 280 281 293 301 304 305 306 307 310 321 334 336 344 345 360 372 373 376 385 387 388 390 391 406 411 412 413 420 433 439 447
154 22 49 66 90 106 112 172 203 208 246 248 254 290 345 355 390 409 417 422 459
155 11 22 32 42 54 96 120 126 162 177 207 226 228 265 269 272 332 338 348 404 413 422 430 458
156 17 32 55 65 99 109 126 130 155 160 162 228 253 265 293 329 348 365 381 422 430 433 434 454
157 11 30 50 59 114 131 132 157 233 235 243 279 311 346 397 403 421 445 454
158 0 19 167 178 362 370 383 437
159 93 213 324 438
160 29 30 86 91 108 122 126 157 185 204 216 217 236 254 270 276 280 289 295 311 329 342 350 360 370 371 373 378 390 395 396 433
161 13 16 22 29 30 33 42 44 51 54 71 77 90 127 131 132 152 165 167 178 234 240 242 267 270 283 326 346 362 367 368 378 381 390 402 403 416 419 451
162 18 53 77 126 135 207 228 321 330 332 374 404 430
163 19 49 50 53 74 109 159 217 243 267 290 292 295 330 335 348
164 2 26 32 51 63 70 108 111 113 126 151 155 156 166 197 207 225 243 253 259 265 279 310 329 349 361 379 403 425 428 430 436 443 452 457
165 19 27 130 173 187 196 205 239 247 284 355 357 406 425 429 458
166 0 22 34 68 96 124 133 136 180 187 233 236 249 357 370 374 380 439 458
167 1 10 15 33 36 55 57 95 101 144 165 171 186 205 217 238 272 280 290 326 346 347 360 369 393 409 419 439
168 11 62 81 106 186 188 204 273 296 302 352 358 384
169 11 16 17 31 43 68 79 97 113 114 121 122 126 144 185 212 227 230 243 253 256 258 272 299 343 344 388 401 425 434 435 458
170 25 30 54 79 151 193 228 243 244 255 267 285 286 291 312 332 354 366 374 378 394 435
171 103 295 451
172 4 22 37 43 45 59 63 64 81 83 94 124 132 138 194 199 223 230 247 255 290 324 328 353 360 371 379 394 408 413 448 458
173 130 250
174 22 38 39 44 49 53 68 74 107 120 121 124 128 130 151 161 166 170 185 192 194 195 212 225 253 254 306 335 342 350 359 365 371 388 389 390 396 397 412 414 419 428 451 457
175 40 73 211 244 377 396 423
176 10 47 87 182 196 211 327 370 372 374 392
177 1 12 15 24 32 33 47 48 55 56 59 62 63 84 88 97 102 115 116 120 127 128 129 130 137 143 145 151 153 178 192 194 195 210 213 215 219 221 223 239 241 250 253 263 265 266 276 278 287 290 294 295 299 305 310 313 325 333 339 347 348 349 356 385 389 391 392 399 415 423 439 447 449 453 454 460 463 464
178 44 56 79 90 122 132 144 167 180 209 217 226 231 234 240 270 284 292 326 347 350 357 428 434 437
179 50 54 86 166 233 251 309 354 435
180 51 53 95 108 121 127 196 202 205 263 270 279 306 309 328 350 369 418 429 431 453
181 225 266 300 426 429
182 87 171 201 300 302 372
183 10 17 19 31 38 40 55 119 136 166 169 239 269 270 273 285 288 349 350 362 372 378 405 444 462
184 12 22 30 36 47 55 72 90 92 93 99 111 114 165 173 203 210 213 215 220 251 254 272 280 292 303 313 323 343 361 379 382 394 396 402 423 429 433 449 453
185 0 13 17 18 22 53 72 74 79 103 108 112 157 172 178 187 203 208 233 240 244 249 261 265 273 276 279 285 290 302 325 342 348 400 420 449 454
186 27 44 175 211 270 283 286 292 323 346 380
187 147 151 170 173 276 346 390
188 119 135 248 273 286 346 352 358
189 23 38 55 114 166 232 284 311 437
190 92 104 138 150 172 178 270 334 362 365
191 62 79 157 273 292 299 309 346 350 352 369 457
192 83 94 114 129 138 143 172 209 238 244 253 261 325 326 383
193 42 53 72 122 171 228 243 252 275 351 434 445 446
194 9 30 151 248 409
195 4 6 10 15 16 28 32 36 45 48 55 62 64 74 75 81 92 104 115 153 164 172 183 195 197 209 215 219 222 226 241 242 243 250 263 266 268 286 290 299 310 325 333 373 379 385 386 393 403 408 415 424 427 444 454 458 461 463 464
196 77 122 167 331 458
197 3 6 40 45 63 65 68 75 90 105 125 132 153 209 210 222 225 229 230 245 266 268 297 340 360 377 382 388 399 418 423 424 425 444 455
198 47 142 169 179 185 256 290 351 354 392
199 18 36 109 228 300 371 393 394 398 418
200 23 30 50 86 127 136 170 178 193 203 217 227 232 233 242 243 252 260 267 339 341 361 365 367 368 369 378 397 398 403 406 417 419 435 440
201 30 171 216 263 350 362 363 390 451
202 2 59 69 74 90 130 131 173 174 187 191 224 244 261 283 309 338 390 434
203 0 4 34 42 49 56 61 90 92 101 121 140 144 173 201 203 222 225 226 233 234 260 265 289 341 342 351 370 397 399 402 434 435 440
204 138 188 192 201 221 273 349 352 384 395 423
205 113 122 171 188 201 230 240 249 354 425
206 4 13 18 24 30 47 56 74 124 129 145 169 174 185 201 217 220 238 247 266 267 277 310 345 357
207 46 51 144 196 210 266 311 318 320 390 436
208 24 92 251 262 327
209 4 53 62 75 118 143 162 187 190 211 217 226 231 301 330 332 401
210 132 176 226 248 265 374 416 438
211 40 66 262 323 431
212 13 17 33 95 140 185 216 256 257 266 286 292 310 363 368 395 425
213 0 38 46 55 73 88 90 96 118 122 290 324 331 338 339 355 372 375 381 411 422
214 15 30 31 44 48 55 78 122 125 126 131 163 227 230 231 235 252 272 295 304 305 336 368 373 376 378 380 392 399 403 405 407 409 411 445 451 464
215 33 59 186 215 342 354 394
216 15 29 51 60 74 101 112 113 144 158 199 200 207 211 213 225 236 260 261 270 289 295 305 317 329 331 334 342 347 348 360 362 369 371 401 406 426 447 450 452
217 0 6 25 30 40 92 96 106 140 147 184 204 208 234 308 324 347 351 394 436 458
218 12 18 67 169 185 210 248 290 346 365 434
219 32 48 70 131 155 156 162 164 168 209 228 235 241 253 261 263 264 330 332 381 404 430 444
220 57 401 449
221 5 15 74 90 92 94 114 167 226 230 239 267 328 357 379 399 449 454
222 6 109 124 303 311 360 379
223 5 124 144 151 210 286 392
224 0 12 16 17 20 22 24 29 32 33 38 57 59 69 72 82 86 91 110 112 114 118 167 169 171 185 189 191 202 203 209 212 216 217 225 260 267 276 284 285 290 296 299 301 302 306 313 316 322 338 348 355 362 364 368 370 371 394 408 417 425 428 430 435 444
225 19 95 101 113 119 158 199 284 313 325 365 367 370 378 409 419 454 462
226 90 98 169 372 377 394
227 13 30 50 51 79 86 115 130 170 178 185 187 193 225 232 233 244 277 285 291 295 296 311 312 336 342 343 347 360 366 373 378 415 426 441 442 445
228 72 93 108 286 343 381 392 409
229 3 6 9 14 29 44 59 60 94 109 112 118 201 210 226 258 270 271 300 316 340 363 380 382 423 438
230 95 98 210 226 231 407 419
231 0 98 122 211 265 321 374 407 419
232 13 43 62 72 107 111 174 199 244 251 252 262 326 349 364 390 427 441 442 449
233 12 19 23 30 33 91 98 121 124 136 196 208 215 217 224 292 299 319 346 350 379 394 418 429 437 440
234 9 74 92 98 121 345 397 416
235 10 17 25 30 52 56 60 65 70 74 78 85 96 104 105 107 111 117 119 125 150 151 164 178 210 220 222 227 236 246 249 254 258 278 289 293 308 314 315 344 367 368 386 388 392 402 421 424 432 433 456
236 11 13 30 40 50 85 131 161 196 279 296 308 316 324 331 342 354 370 453
237 14 42 49 84 96 122 125 128 160 222 248 249 280 301 310 335 380 390 413 431 434 462
238 18 99 118 146 210 230 231 282 311 321 335 372 387 394 407 419
239 75 77 94 105 249 343 399 426
240 17 22 30 32 43 44 47 51 53 68 75 90 99 103 114 118 120 122 140 147 154 160 161 174 186 187 202 206 212 216 222 224 227 232 240 244 247 253 255 260 263 266 271 276 285 298 312 319 323 346 348 359 362 365 368 373 377 378 401 410 425 426 432 433 444 451 452 456 457 458
241 5 9 12 18 20 23 30 31 32 36 41 42 44 45 51 53 55 63 66 70 74 75 82 84 88 92 95 96 98 104 109 118 120 122 123 124 127 131 132 133 138 144 145 152 155 159 161 162 166 168 170 171 172 178 179 184 188 192 197 203 205 209 211 221 223 224 225 226 231 233 253 255 261 264 266 276 277 282 285 287 288 292 294 301 302 304 312 313 314 316 317 321 322 324 325 331 335 338 341 349 351 352 354 360 361 362 363 364 365 366 370 374 375 390 399 402 403 413 415 418 419 422 423 432 434 437 438 439 440 444 446 450 453 454 456 463
242 71 75 76 86 90 94 114 127 130 182 201 205 221 234 238 247 260 267 268 270 275 311 328 348 394 403 439
243 3 15 23 36 49 83 87 106 120 125 136 140 144 150 183 188 196 201 202 210 217 244 302 308 379 384 394 433
244 79 80 95 263 302 342 364 397 461
245 0 10 25 26 62 92 95 104 120 130 178 184 196 220 221 226 230 299 348 350 352 357 394 426 427 449 454
246 43 60 107 130 213 228 236 238 240 260 364 393 433 456
247 185 208 300 338 377 380
248 43 115 134 151 187 451
249 57 168 171 182 223 303 318 392
250 0 16 28 33 36 44 56 62 70 71 72 83 86 98 110 111 113 116 121 127 141 161 168 174 184 200 203 213 216 217 229 233 234 239 242 253 261 266 270 277 278 281 284 292 309 311 317 323 326 344 349 368 369 376 383 385 390 391 392 397 402 405 414 424 428 437 439 440 450 463
251 276 357 423 444
252 92 114 136 210 308 312 364 381
253 2 15 18 22 37 47 90 104 128 170 175 178 199 210 221 231 238 242 261 325 327 329 332 350 357 362 365 369 418 452 457 462
254 30 35 44 92 228 249 289 298 311 357 392 397
255 41 50 90 98 130 153 170 225 243 301 348 350 384 391 453 461
256 44 68 121 140 150 170 171 201 213 216 217 220 262 278 351 375 390 393 406 418 434 435
257 20 31 40 46 50 53 55 59 64 66 85 99 131 135 144 153 169 174 183 196 198 201 203 205 212 224 225 229 246 247 256 269 275 277 295 308 310 316 348 376 379 388 400 411 420 425 428 437 449 461
258 3 29 81 112 182 271 365 371 382 451 463
259 400
260 18 55 113 143 196 217 262 270 392 399
261 22 23 42 44 51 54 62 99 107 171 180 201 210 238 282 317 320 321 365 367 381 387 413 434 439 441 454
262 19 151 174
263 0 5 27 43 51 53 54 62 66 68 69 70 78 96 111 141 146 170 174 189 201 202 206 214 216 249 250 253 256 257 258 276 281 292 295 303 304 305 317 321 334 337 346 356 360 364 371 385 391 398 406 409 411 413 431 451 457 458 463
264 14 24 28 79 121 138 151 162 204 248 266 270 321 349 402
265 40 265 374 422 458
266 0 10 11 14 15 53 54 83 96 98 106 119 140 151 158 167 168 171 181 182 184 188 201 204 205 249 253 266 273 296 308 349 351 361 362 379 384 395 403 404 410 421 428 434 446
267 30 90 130 133 175 210 211 218 262 270 292 300 311 326 355 357 371 374 380 397 401 402 410 439 462
268 0 6 19 42 124 132 135 180 222 223 365 394 401 418 435
269 14 24 28 53 112 201 264 266 379 403 413 445
270 32 57 90 130 187 239 244 247 303 311 343 355 397 409 451
271 3 11 81 159 171 188 211 270 276 301 311 346 355 358 371 372 413
272 60 84 121 181 188 216 265 272 276 316 359 393 409 413
273 61 121 201 212 267 384 401
274 39 57 66 69 73 76 78 96 103 111 114 131 139 141 144 151 152 153 158 161 166 179 186 224 239 240 243 253 257 262 263 274 295 305 330 334 341 350 362 365 374 376 389 390 399 423 427 431 435 439 449 451 455 459 464
275 98 253 377 435
276 13 21 28 32 48 57 67 69 78 83 85 89 91 104 112 122 125 129 132 134 139 151 153 157 167 172 174 188 201 203 206 210 214 229 240 244 248 256 258 267 272 274 276 278 283 286 292 294 300 301 305 316 327 330 346 348 349 350 360 369 378 380 388 392 396 398 411 420 447 460
277 44 68 70 92 95 106 144 151 225 238 243 256 261 338 346 371 372 387 395 426
278 19 63 67 92 101 105 120 125 129 143 144 158 166 167 180 187 200 216 224 232 299 314 315 317 328 342 350 383 450 456
279 30 85 150 265 279 306 402 432 434
280 38 44 84 91 92 113 122 187 201 255 279 301
281 30 33 42 43 56 61 65 71 86 90 102 104 105 121 125 127 136 150 151 161 165 167 171 172 178 187 194 200 203 216 225 233 234 242 251 260 272 278 291 297 311 351 368 369 371 401 405 408 414 419 440
282 42 210 224 230 231 300 335 350 374 456
283 27 73 171 266 283 323 368 377 380 431
284 19 77 133 196 224 258 311 326 347
285 74 102 119 136 138 225 244 289 342 364 401 435 457
286 210 365 372
287 0 44 90 210 218 244 300
288 25 42 53 102 244 261 394 462
289 16 65 112 114 121 130 133 171 228 284 311 317 319 377 380 401 426
290 13 168 188 205 209 292 434
291 16 167 285 304 390
292 13 17 44 130 151 208 248 251 283 300
293 10 33 43 55 74 76 80 86 125 154 160 189 202 210 221 225 227 235 246 254 266 285 286 342 344 367 373 377 392 394 401 414 421 447 451 457 459 463
294 38 60 97 129 155 161 243 248 266 310 313 369 403 412 459
295 0 71 72 93 114 122 126 146 147 151 201 207 208 213 300 309 338 343 357 389 398 399 437 455 458
296 109 188 204 273 358 384 425
297 0 37 42 60 61 81 87 92 109 113 144 172 222 239 271 296 308 340 360 365 371 372 382 390 401 418 455
298 22 90 91 120 122 173 174 186 230 239 262 283 292 300 324 380 451 455
299 9 16 24 82 90 93 102 157 166 173 175 176 180 199 209 221 232 234 255 267 284 300 303 306 308 313 327 339 342 351 353 362 372 379 390 393 402 411 418 428 450
300 33 78 89 131 157 203 226 292 300 346 350 355 372 389 445 454
301 55 86 243 278 464
302 57 62 68 180 186 188 238 258 394 424
303 12 20 30 37 43 44 59 64 66 68 70 72 93 107 111 112 113 114 121 131 133 134 136 165 181 194 198 202 206 216 218 225 234 236 278 288 289 292 302 334 335 349 357 360 363 368 392 399 406 415 433 444 454 458
304 13 17 19 24 28 31 55 57 69 70 79 85 119 124 128 131 169 179 183 185 194 198 206 210 212 224 228 234 240 243 256 257 278 279 280 290 293 335 339 349 354 368 369 376 378 383 388 390 397 410 420 434 439 444 446 452 456 461 462
305 5 31 43 58 76 86 87 88 91 105 106 110 134 200 213 228 240 293 327 334 335 336 337 378 406 435 451 458
306 39 51 91 93 96 97 122 125 155 160 180 237 246 251 266 270 280 283 294 295 301 310 345 351 361 362 375 379 390 392 403 452
307 13 31 60 131 170 174 214 227 243 244 269 291 336 344 380 394 429 442
308 0 84 121 166 204 216
309 57 151 166 206 232 262 267 309 364 456
310 2 15 30 54 63 95 96 97 120 125 126 127 132 177 184 220 224 244 245 253 280 301 318 324 336 349 365 370 378 379 380 405 428 429 434 435 449
311 15 19 44 90 130 150 173 181 204 226 239 247 265 306 345 365 380 397 401 410 423 430 451
312 128 130 223 272 277 302 331 347 373 460
313 47 122 163 251 278 392
314 30 61 105 107 185 194 225 235 315 360 390 392
315 87 93 110 199 221 242 254 255 268 270 290 298 299 300 364 378 437 449
316 44 66 150 216 245 295 323 458
317 29 36 51 65 74 93 112 130 154 222 228 229 238 268 270 284 297 347 363 364 365 371 375 395 429 455
318 98 99 138 140 168 185 210 292 302 316 330 331 343 353 381 404 426 437 458
319 19 43 77 109 254 308 345 347 353 357 431 434 451
320 62 109 187 244 262 286 318 370 379 380 399 422 430
321 90 94 201 226 230 282 365 394 413 434
322 87 105 132 224 262 372 398 409 411 423 438 453
323 40 56 113 166 278 431 451
324 90 113 151 193 196 251 338 394 402 416
325 4 9 25 65 71 74 76 81 90 91 98 104 122 124 172 190 194 213 226 248 357 360 371 379 453 454 462
326 43 57 90 130 239 247 311 313 324 326 345 347 380 394 410 411
327 47
328 244
329 12 90 99 245 261 351 353 392 426 452 457
330 91 151 173 369 422
331 208 276 341 392
332 373
333 1 7 24 38 44 53 55 57 66 75 81 84 111 114 139 144 145 147 151 153 160 180 183 192 206 214 225 263 281 293 299 357 362 457
334 37 60 74 102 133 167 181 217 270 299 335 355 429
335 95 98 146 226 230 231 381 399 407 419 458
336 13 30 50 53 83 93 103 127 129 132 163 170 188 193 222 232 243 245 252 288 295 308 312 326 339 364 365 371 373 378 395 405 411 442 445 454
337 13 19 31 68 99 131 155 170 183 185 198 205 212 224 244 256 257 263 275 281 291 293 304 310 317 354 355 361 394 420 437 451 461
338
339 31 42 47 59 68 187 192 196 276 286 331 375 394 444
340 109 113 159 162 197 258 276 343 363 382
341 44 54 70 76 99 109 113 121 151 155 157 160 181 185 194 238 245 267 274 276 278 292 317 321 323 326 334 342 385 389 392 410 418 435 439 447 458
342 44 84 87 92 93 99 107 144 168 187 202 238 244 248 278 280 282 303 394 397 398 451 458 462
343 35 103 226 262 347 380 412 423 458
344 13 19 43 59 60 76 77 80 113 136 170 193 216 222 225 227 252 280 281 312 323 325 336 341 343 364 365 367 368 373 378 397 405 415 444
345 79 111 113 132 174 350 451
346 214 218 253 351 398
347 44 89 90 187 247
348 11 47 61 90 93 109 150 196 199 201 205 213 217 248 331 339 342 347 349 375 394 397 398 413 434
349 9 15 16 17 39 92 94 96 114 128 143 167 217 245 253 267 270 292 297 325 369 374 399 402 403 426 428 439 446 454
350 44 57 106 157 171 247 257 292 293 309 310 371 397 461
351 196 239 319 380
352 13 151 266 358 451
353 98 99 300 306 361 434
354 17 117 127 144 151 163 173 328 348 407 427 435
355 244
356 0 2 5 12 14 33 38 43 44 48 58 67 68 93 94 134 144 178 185 186 188 201 225 260 283 288 303 305 311 342 344 368 386 396 401 403 415
357 12 72 92 130 186 187 191 208 239 257 290 311 316 350 355
358 73 157 187 222 434
359 36 186 223 283 296 421 453
360 6 36 61 67 95 196 248 362 455 460
361 6 10 22 35 36 91 100 108 112 113 115 140 201 204 207 229 244 324 374 378 401 423 434 462
362 53 74 178 204 213 267 273 327 367 418 437 450
363 29 44 56 62 90 112 122 124 151 159 231 250 258 264 271 298 322 374 390 394 423 438 454
364 4 77 84 116 248 283 308 319 357 367 376 392 395
365 18 22 37 56 73 87 112 147 176 186 194 210 226 230 262 265 286 303 372 374 434 451
366 60 79 101 126 147 163 204 244 252 278 295 310 350 390 418 423 434
367 74 225 272 284 343 378 417 418 434
368 13 30 68 79 93 101 102 118 119 121 136 172 190 213 239 248 309 331 378 414 450 454 457
369 16 39 53 56 61 63 74 86 90 93 95 99 106 119 124 128 130 138 151 162 199 203 221 234 245 255 260 267 290 292 311 317 324 325 341 342 359 363 368 372 375 383 394 397 405 414 430 452 458
370 40 168 171
371 3 18 29 41 81 98 109 112 124 136 194 211 222 229 235 236 249 258 271 276 286 316 322 327 340 360 363 365 382 409 438 455
372 187 276 321 453
373 13 15 22 68 72 90 101 104 107 114 163 170 171 172 193 216 224 225 228 232 233 243 267 272 290 292 293 320 378 395 430 436 441 442 445 455
374 44 125 196 259 273 327 350 353 364 380 394 416 424 458
375 6 23 255 290 331 402
376 20 55 131 179 180 185 201 205 216 224 256 279 290 292 293 329 348 354 370 388 419 435 445 454
377 21 135 173 323
378 0 13 19 25 30 57 61 65 93 101 106 111 121 129 157 158 163 165 166 178 179 189 210 240 249 252 254 284 295 316 319 323 343 345 362 383 411 412 420 435 437 445 447
379 0 30 42 49 120 133 144 186 234 248 272 311 338 359 363 380 390 393 402 403 413
380 56 73 110 125 151 175 186 208 262 263 377 411 416 423 427
381 111 144 394
382 3 369
383 9 47 67 84 90 101 167 174 178 196 260 284 319 367 453
384 111 384 434
385 19 32 36 38 48 70 74 75 85 101 120 127 132 158 161 164 167 220 224 225 244 266 281 303 310 326 344 347 362 369 378 383 411 437 463
386 3 41 43 45 88 101 112 187 229 253 270 288 332 344 368 371 424 426 452 456
387 73 95 118 146 194 226 259 327 335 374 407 419
388 84 96 118 214 216 278 335 345 364 435
389 19 33 115 153 166 170 185 186 213 214 222 227 235 255 258 276 292 300 305 307 312 342 362 364 418 451
390 30 34 43 49 84 98 106 162 181 187 205 232 244 258 266 300 305 365 381 384 394 399 410 423
391 2 49 52 53 82 85 113 116 117 118 123 154 158 159 174 214 216 217 233 235 239 249 254 275 279 293 305 308 334 340 392 398 400 409 412 421 432 447
392 33 37 53 57 76 88 93 101 105 113 122 154 161 163 166 168 180 192 203 233 236 239 255 256 260 277 279 317 344 350 377 392 400 402 405 412 421 426 431 433 446 447 451 456
393 9 36 40 94 139 187 191 201 210 313 380 399 413 453
394 21 56 59 66 172 220 240 270 279 289 338 350 355 434
395 6 21 84 106 116 140 174 179 228 240 308 321
396 144 222 290
397 47 130 133 144 196 292 317 321 369 394
398 0 62 93 126 144 147 150 201 213 217 241 254 311 321 339 351 375 379 380 394 408 451
399 44 90 186 423
400 13 14 37 49 75 109 118 122 125 128 141 144 160 187 245 246 269 279 291 293 301 314 315 319 328 362 390 406 408 415 433 447
401 29 40 66 130 186 211 254 283 292 323 377 399 431
402 34 68 174 196 262 292
403 16 31 46 62 66 67 73 92 166 173 190 218 222 239 247 251 262 267 276 283 292 326 348 363 379 380 396 399 401 414 446 451
404 30 111 191 206 308 330 331 332 381 425
405 0 37 68 70 76 86 116 118 121 180 203 217 222 225 233 350 368 373 378 414 417 439
406 14 59 86 95 166 178 181 213 268 300 322 323 351 357 370 373 375 378 399 412 429 434 457 458
407 95 146 205 407 419 434
408 150 225 248 286 303 322 365 422
409 171 203
410 30 69 89 111 131 151 187 188 208 300 303 323 354 394 420 451
411 25 43 54 90 93 104 116 122 124 125 134 151 160 166 189 197 200 202 203 206 217 226 240 298 303 305 311 325 337 341 342 348 351 379 394 398 406 424 430 435 451 463 464
412 18 30 44 51 94 112 146 187 195 207 228 230 238 243 244 259 267 283 309 320 335 346 353 390 398 401 436 443
413 50 67 92 94 96 108 174 248 258 338 359 381 392 394 409
414 19 35 42 47 60 61 71 77 82 86 116 121 144 150 178 204 208 239 270 398 402 426 430 450
415 14 25 33 60 93 96 128 134 160 170 193 199 206 209 230 253 266 267 278 281 289 328 334 341 342 355 418 456
416 187
417 23 30 37 77 104 147 168 215 292 394 399
418 6 30 42 109 226 228 265 370 439 440
419 19 30 68 75 95 113 140 224 234 304 353 372 451
420 2 31 39 44 54 91 100 109 131 133 198 201 205 206 212 275 285 302 346 376 388 435
421 23 77 84 91 107 108 122 124 134 152 154 171 181 200 216 223 272 284 310 314 326 369 380 388 395 400 413 415 421 425 459 461
422 381
423 262
424 6 33 65 90 148 151 188 222 229 271 278 303 317 340 363 371 418 419 430 434 438 448
425 10 15 17 39 49 96 120 125 178 188 243 245 266 277 279 302 347 350 380 382 384 410 438 446
426 16 44 90 130 187 221 286 292 347 431
427 0 16 30 33 55 65 72 90 94 97 143 153 160 166 174 179 185 186 201 221 278 290 297 303 305 311 328 339 350 356 361 370 379 407 412 426 439
428 10 11 39 42 53 60 69 82 91 116 122 126 127 128 151 166 167 172 178 187 212 223 231 243 244 270 271 311 329 336 348 349 353 361 369 383 397 403 413 423 426
429 118 261 328
430 73 126 217 223 229 324 325 330 332 379 381 404 422 453
431 40
432 196 255 303 458
433 12 30 61 84 108 114 122 136 171 186 204 215 220 236 239 252 268 279 292 327 341 344 348 378 383 390 405 412 431 454 455
434 57 178 182 205 263 326
435 54 271 295 302 384
436 26 70 122 245 380 408 455
437 68 77 124 196 241 255 286 319 350 392 404
438 57 60 92 130 205 236 299 313
439 60 108 136 192 196 225 326
440 30 34 57 209 247 260 324 325
441 22 50 61 79 82 112 151 170 185 196 213 244 270 309 312 317 335 337 357 458
442 8 11 13 15 50 72 79 81 87 114 132 137 249 267 268 270 290 300 308 312 336 348 351 378 385 417 423 441
443 2 26 30 88 113 171 259 436 453
444 45 62 75 102 104 119 132 190 216 225 288 301 325 364 371 448
445 28 50 72 79 143 162 163 180 181 185 197 201 203 210 231 232 243 303 335 357 427 431 441 442 463
446 6 13 46 53 73 108 175 283 370 380 423 439
447 32 78 93 102 122 128 132 177 190 205 209 215 230 242 261 263 315 377 380 424
448 6 124
449 0 22 42 132 159 244 343 348 359 374 398
450 3 28 173 218 260 363 377 445 446 451 462
451 13 74 93 130 225 262 263 302 303 346 438
452 14 18 39 54 63 96 122 133 138 171 185 195 210 221 225 226 261 285 311 316 327 365 374 403 406 412 443 457
453 380 462
454 15 47 55 68 81 83 95 102 126 130 132 144 172 187 238 244 267 321 326 342 348 359 387 388 399 401 434 451 458
455 56
456 107 128 129 160 166 189 216 329 347 366 394 432 455
457 12 54 62 115 118 122 130 186 196 222 326 342 346 376 399 407 412 419 426 443
458 94 134 248 346 350 458
459 11 26 45 59 86 90 108 110 122 125 127 144 148 150 151 187 194 196 200 206 207 224 225 240 244 249 261 272 279 292 299 306 311 349 364 374 390 400 429 447
460 21 55 57 90 104 111 114 116 133 147 151 169 206 209 223 258 261 265 276 277 280 317 361 388 392 400 420 443 446 452
461 97 121 125 131 151 154 169 179 185 203 212 249 255 256 270 329 345 346 350 376 388 420 423 425
462 83 90 113 365 413 458
463 0 12 16 17 33 45 74 81 88 99 102 112 118 119 120 130 131 132 135 152 159 169 197 199 210 216 229 230 238 247 258 271 278 281 297 299 300 317 325 340 341 343 363 371 386 387 415 424 438 444 454
464 5 10 31 32 42 43 47 52 58 61 75 76 88 125 134 144 151 172 174 180 192 194 197 199 209 230 241 270 272 282 283 286 316 317 318 325 343 357 359 379 399 409 413 444 453 462 463
