#causal_discovery_varlingam.py data/Cleaned_SP500_Data_latest_return.csv 1 latest_sp500_return varlingam 5
# GMT Mon Sep  2 14:37:36 2024
# 
0 19 54 72 90 101 112 150 270 290 311 321 345 351 375 417 426
1 7 24 53 54 57 78 85 95 96 103 111 114 125 129 139 146 147 151 156 164 212 227 235 260 263 264 274 276 277 290 294 310 324 350 353 358 380 384 386 391 392 460 463
2 2 26 28 66 92 131 187 255 259 278 361 373 397 436
3 57 61 415
4 0 9 30 64 83 87 211 272 321 329 446 457 458
5 13 51 53 58 67 76 248 263 271 342 353 378 413 458
6 27 36 109 124 150 384 389 408
7 21 38 59 60 74 91 132 134 136 139 153 178 179 206 207 221 225 240 247 271 276 277 299 330 342 379 390 392 432 447 460 463
8 52 79 99 111 121 151 187 200 235 240 278 306 307 333 337 344 360 384 385 389 392
9 21 47 253 265 322 327 423
10 26 35 40 67 100 113 140 147 159 194 196 201 204 264 290 308 311 342 343 372 380 408
11 151 188 204 257 273 296 308 323 352 358 384
12 30 85 130 292 302 346 359 372 376 421 435 453
13 42 50 53 62 65 72 76 151 229 249 278 300 303 312 313 342 350 353 369 390 402 427 433 441 442 458
14 6 28 44 51 71 82 122 144 162 181 238 287 311 332 334 341 353 396 423 429 431 458
15 55 61 63 83 92 125 132 136 144 151 176 186 223 226 261 265 324 367 379 380 399 413 439
16 15 39 79 82 149 152 178 189 207 221 277 295 379 399 446 451
17 62 82 83 84 118 177 207 273 280 310 316 338 342 359 383 389 437 446
18 9 10 22 95 98 176 210 248 284 309 321 374 381 387 443
19 6 77 80 98 125 286 333 345 347 396 431
20 15 20 24 30 35 44 45 49 65 91 93 99 104 105 122 138 153 169 179 184 185 201 212 213 242 247 263 294 302 315 323 329 342 359 361 362 364 365 372 373 377 395 409 422 425 434 443 446
21 21 38 43 47 69 74 90 102 141 147 153 172 181 201 220 226 232 237 242 249 276 277 290 297 302 304 306 308 310 336 364 376 378 390 418 419 427 428 434 451 458
22 0 54 87 112 118 182 226 240 262 322 327 372 402 416 435 440
23 27 40 79 174 181 215 226 262 342 402
24 38 95 96 135 144 145 170 192 194 203 221 257 271 303 357 359 369 435 444 453
25 18 62 80 132 143 162 173 274 327 401
26 426
27 27 66 115 153 208 211 217 243 263 346 380 451
28 30 122 134 140 150 181 221 225 254 347 348 398 429
29 3 36 91 112 271 306 312 325 367 369 380 382 455 457
30 0 5 30 42 61 66 78 92 130 134 175 192 207 209 243 258 287 338 350 371 390 402 410 446
31 33 54 75 100 106 166 170 173 179 198 212 222 256 264 275 291 295 302 313 369 403 435 451
32 22 37 51 61 65 95 98 99 118 126 138 143 146 162 172 210 228 230 231 238 253 261 276 282 313 321 325 329 335 349 361 362 365 383 387 402 404 407 419 423 424 438 450 452 457
33 9 16 21 23 61 82 102 104 107 110 127 132 166 173 189 203 204 210 226 267 270 288 306 317 325 326 328 349 364 368 369 371 374 399 402 417 423 451 456
34 90 150 207 263 384 390 463
35 11 47 80 168 186 226 235 242 272 326 380 413 438
36 9 150 153 199 248 316 323 453
37 15 18 22 87 95 129 176 213 238 247 296 300 327 372 387 410 416
38 17 36 37 54 55 99 120 143 187 192 199 207 239 272 278 336 361 370
39 15 37 39 42 61 67 74 90 92 100 103 108 112 199 207 217 228 248 254 271 324 360 371 374 375 379 399 417 422 444 451
40 113
41 35 157 226 308
42 6 72 92 121 194 265 451
43 5 12 14 25 44 50 53 54 58 66 67 86 92 96 98 103 108 121 157 170 191 204 214 216 224 240 256 261 264 272 285 341 343 350 357 396 409 411 412 435 451 456 458 462
44 0 33 89 187 214 229 248 283 303 357 410
45 9 41 65 66 81 132 138 159 199 210 229 302 340 360 371 382 439 440 462
46 11 13 73 77 168 175 262 263 370 377 402 423
47 29 33 44 78 187 248 293 394 402
48 4 12 32 36 38 40 48 54 64 65 66 70 75 76 79 94 128 134 138 151 156 167 226 240 254 264 265 272 298 306 310 348 349 359 386 402 409 413 419 439 451 454 464
49 27 30 111 118 187 196 199 207 362 434
50 170 244 264 312
51 7 37 95 146 201 225 226 229 238 292 318 320 335 387 399
52 17 31 43 97 107 117 120 125 157 255 276 278 281 285 293 294 305 314 315 378 392 405 415 421 432 447 451 453 454 462
53 10 17 27 35 46 73 83 96 100 106 114 121 132 240 248 296 309 311 331 352 361 410 423 434 458
54 12 30 65 66 67 78 91 136 153 181 196 201 204 218 224 322 346 371 380 384 419 422 434 451
55 9 13 20 24 27 32 38 42 70 79 83 143 144 169 174 203 206 221 224 240 245 253 255 277 302 310 343 347 364 373 374 388 399 410 417 428 434 457
56 80 85 171 187 263
57 0 2 13 21 38 54 60 61 68 70 92 95 102 111 112 115 127 151 161 164 189 192 222 237 240 244 247 263 266 277 278 280 301 304 335 337 362 388 390 394 396 403 413 427 430 439 459 461
58 25 31 55 96 104 109 113 162 202 286 327 360 433 455
59 79 90 118 191 226 255 300 303 309 350 392
60 0 44 54 76 130 166 173 181 186 226 255 260 287 289 321 326 351 363 378 384 399 426 431 449
61 22 34 40 54 56 71 74 83 113 144 187 207 211 217 224 233 248 270 281 301 324 326 327 360 365 397 402 404 410 415 417 440 445
62 0 5 12 23 54 67 93 94 146 218 230 243 262 278 321 323 346 384 401 404 410 446 451
63 36 38 47 56 63 95 151 187 243 248 292 313 379
64 6 9 30 42 47 121 134 181 182 194 211 286 292 322 393 408 423
65 0 6 26 74 77 90 108 130 189 222 229 243 244 297 299 308 310 328 339 363 365 410 439
66 113 128 171 211 262 305 346
67 12 27 40 113 182 318 343 346
68 21 78 112 173 186 191 196 198 201 226 232 240 250 304 324 333 343 378
69 28 42 45 60 62 67 70 71 78 79 86 88 91 106 117 125 130 132 144 146 147 163 169 178 181 185 190 192 198 214 224 228 240 242 264 283 290 293 297 300 304 305 317 319 325 326 337 345 347 354 357 378 390 391 399 400 437 447 453 458 459 461
70 0 6 10 32 37 38 47 50 51 54 65 99 111 118 126 144 155 156 160 174 207 213 228 240 243 266 268 269 275 278 290 304 306 318 335 342 348 361 369 376 378 381 400 412 415 419 422 430 433 439 446 463
71 22 112 113 153 434 439 440
72 30 50 72 79 91 109 150 187 216 224 236 244 296 303 311 312 313 347 350 369 371 380 398 406 410
73 27 66 211 262 379 396 423
74 36 42 72 112 113 132 136 187 222 247 272 297 321 365 371 376 401 418 419 433 439 447 457 462
75 4 41 58 67 82 94 102 112 135 172 190 213 218 300 343 361 379 409 423 446 450 451 462
76 12 113 228 255 262 272 316 327 409 410 413 448
77 80 215 345 434
78 5 21 43 58 60 63 67 68 69 73 88 89 90 91 101 102 103 122 124 136 141 162 166 167 168 169 191 202 216 221 222 224 238 239 240 241 247 253 254 263 278 284 303 305 309 311 323 324 328 335 336 342 351 356 364 369 372 374 392 411 419 432 445 448 451 461 463
79 32 55 111 153 170 179 206 224 264 276 304 336 427
80 134 144 280 346 364
81 0 9 36 42 64 66 109 131 147 168 176 179 188 194 210 223 309 322 393 399 408 413 419 422
82 0 24 32 35 71 94 147 172 176 184 189 226 229 241 254 316 317 319 390 431 435 451
83 9 90 98 223 324 389 393 408 451 453
84 30 36 113 143 151 203 209 236 278 279 302 338 343 362 374
85 12 14 31 48 54 58 96 97 107 109 112 120 125 131 134 160 172 181 206 217 228 246 257 278 281 293 306 314 328 335 347 380 392 400 408 411 431 432 436 454 456 459
86 2 51 93 104 116 136 188 203 207 244 297 317 325 342 351 375 410 437
87 2 18 263 300 333 335 372 416
88 6 21 55 60 90 125 134 148 171 175 216 222 284 291 317 342 357 363 378 415 424 449 455
89 39 40 44 91 186 203 221 280 346 355 390 411
90 98 153 228 247 301 304 346 375 378 380 451
91 7 21 30 49 69 84 91 97 98 112 117 125 144 166 248 292 294 301 308 390
92 337 384 450
93 6 32 90 100 113 150 153 157 181 213 214 217 239 240 255 292 309 375 417 437 450
94 89 122 187 199 213 226 247 270 404
95 61 84 116 204 341 359 372 374
96 3 9 11 31 49 84 85 91 254 301 402 411 447
97 39 42 54 62 63 84 90 128 129 130 135 143 159 166 178 181 207 221 225 227 249 263 270 292 313 369 413 428 451
98 91 117 174 302 310
99 22 30 58 75 76 98 118 134 138 248 327 335 346 359 374 387 407 408 413 419 443
100 35 106 138 168 174 179 188 194 273 286 322 327 358 417
101 0 19 61 65 82 108 172 213 216 284 367 437 439
102 2 30 71 91 130 173 267 311 317 326 357 371 374 376 439 454
103 113 125 144 296 361 372 463
104 0 4 5 9 15 25 63 64 68 83 94 98 102 124 132 143 172 187 213 221 262 267 282 311 333 362 363 364 371 374 379 387 393 394 413 450 453 454
105 30 41 44 51 160 166 184 275 299 304 308 315 318 326 364 365 379 381 439
106 11 151 157 171 188 244 255 296 308 333 380 413 415 451
107 17 19 109 120 121 140 144 150 178 228 236 254 303 311 313 351 357 360 419 432 445 462
108 2 46 61 99 126 171 207 248 290 318 320 331 360 370 380 404 436
109 109 128 150 187 402 431
110 16 82 93 149 153 175 200 221 276 321 323 334 359 403 417 435 449 453 457
111 18 19 20 31 42 51 55 57 89 98 111 120 131 168 169 179 183 185 203 212 224 229 257 266 269 272 302 304 306 311 313 337 344 376 379 380 384 388 406 410 411 418 420 421 425 428 445 453 456 461 463
112 47 53 113 248 271 337 355 458
113 9 30 42 113 216 301 328 383 410 447
114 0 83 249 302 309 357 369
115 13 16 30 39 48 49 52 68 70 85 96 111 116 122 125 129 134 147 150 155 156 164 172 184 197 198 201 222 229 233 235 236 241 245 250 263 266 269 278 289 290 306 310 314 336 341 364 369 378 385 391 398 405 411 417 428 445 446 456 458
116 11 27 56 121 181 270 298 308 360 380 446
117 9 19 52 60 69 79 91 110 118 120 122 126 134 138 154 169 174 178 181 189 227 228 240 264 276 278 280 281 285 292 293 304 306 313 315 335 337 338 341 368 379 381 392 400 410 421 447 459
118 54 95 98 169 185 230 255 273 311 335 337 350 353 380 434 449
119 90 102 122 229 259 288 325 341 361 383 392 435 457
120 6 13 28 36 39 42 47 59 63 69 77 91 93 100 105 111 113 118 132 146 148 160 165 166 172 177 185 195 200 201 203 207 226 236 255 263 264 295 299 314 315 320 354 356 359 365 368 375 378 395 399 408 432 433 435 438 442 452 456
121 47 55 94 98 121 178 202 228 236 240 248 257 308 377 380 397 425 426 430 458
122 39 49 59 84 91 96 131 187 195 226 236 243 244 255 262 300 301 321 359 376 390 410 411 434 440
123 4 11 13 14 15 18 19 25 28 30 39 43 44 47 59 61 63 64 67 69 75 76 79 83 90 91 95 97 99 102 108 109 111 119 121 123 129 130 133 136 138 144 146 148 161 167 171 172 176 178 182 183 185 188 189 190 199 204 206 208 210 211 212 213 216 217 221 224 226 229 230 234 238 245 248 251 254 259 262 265 267 268 275 278 286 289 291 295 297 299 308 316 320 321 325 327 328 330 332 341 348 353 355 359 360 365 375 376 378 386 402 406 410 411 414 415 421 430 431 434 440 441 445 447 457
124 36 90 109 112 144 166 248 277 284 379
125 19 30 60 64 65 68 84 104 105 107 112 120 140 141 144 146 158 160 167 170 180 225 227 236 243 245 279 283 298 314 350 357 365 371 404 406 407 414 430 433 458
126 170 275 336 381 404 422 434
127 22 39 53 61 65 69 72 83 102 114 136 165 186 187 203 213 217 222 229 234 243 260 270 272 280 295 297 300 338 342 361 387 397 407 435 448 457
128 15 47 61 71 76 83 94 104 108 128 144 167 184 205 217 221 240 243 262 281 324 326 338 367 383 409 431 450 453 454
129 100 135 207 267 273 313 320 371 379 460
130 28 48 89 90 98 132 171 173 182 187 195 197 208 211 215 229 235 247 300 311 323 338 355 377 378 380 410 455
131 17 20 22 25 32 49 54 58 61 84 91 92 104 112 122 128 131 134 143 144 153 162 170 171 174 179 180 191 198 206 212 213 224 225 227 233 240 244 253 256 263 281 285 302 306 330 336 337 345 347 354 357 359 364 367 373 375 376 385 386 387 388 390 398 410 417 419 425 434 435 445 447 454 463
132 0 4 42 47 61 64 81 106 124 153 223 258 303 321 339 374 432 448
133 40 59 166 173 186 211 229 323 337 349 363
134 30 43 62 90 104 120 125 141 154 174 201 202 203 224 246 252 253 254 255 289 290 298 323 325 341 342 350 361 378
135 153 220 229 276 323 324 338 339 383 384
136 71 125 130 136 196 402 442
137 1 7 8 21 24 32 33 38 42 47 55 57 69 75 111 114 115 125 129 134 139 145 147 151 192 195 197 206 214 216 226 231 244 250 274 276 278 310 327 333 335 349 356 357 362 365 385 389 415 416 420 424 427 433 450 459 460
138 18 83 104 135 138 198 235 372 378 399 462
139 18 21 27 44 57 59 72 84 132 134 147 155 171 173 174 178 187 211 229 235 248 257 263 303 339 342 367 396 427 445 459 460
140 150 168 186 201 203 204 249 290 347 384 451
141 0 14 22 33 37 58 76 104 109 140 180 181 221 242 249 251 262 292 293 341 347 372 406 412 422 429 457
142 98 198 216 273 300 353 413 463
143 59 62 63 129 172 295 313 345 374 440
144 6 9 17 21 27 30 36 40 65 67 72 83 98 109 111 122 133 150 151 217 229 240 263 304 360 380 389 393 410 423 451 453 462
145 12 22 23 38 104 108 127 128 172 173 185 196 200 223 242 259 264 267 285 286 287 328 366 378 383 451 456 462
146 146 151 187 255 304 308 392 413 419 435
147 9 31 42 55 104 111 117 131 151 153 155 158 170 174 193 200 206 210 228 238 243 257 284 294 295 303 306 312 323 336 337 349 350 357 397 411 420 447 459
148 25 109 114 141 146 194 218 222 223 230 268 309 368 378 394 414 439
149 11 14 23 40 82 91 121 144 158 187 196 203 229 272 300 324 351 359 404 433 453
150 98 255 296 447
151 17 21 24 30 33 43 47 52 54 58 83 92 93 111 131 174 201 206 207 217 223 240 243 262 271 274 292 294 299 303 304 306 326 335 336 357 371 372 374 384 390 392 398 410 417 418 421 427 433 434 435 437 444 446 447 451 461
152 45 268 308 330 371 379 401
153 42 48 61 65 69 85 88 90 91 93 109 111 115 117 120 122 125 131 134 141 160 165 167 169 174 187 189 196 205 214 227 235 237 240 245 249 250 255 263 279 280 281 293 301 304 306 307 309 334 336 344 345 347 369 372 373 376 385 387 388 390 391 392 406 428 433 439 447 456
154 22 42 44 49 66 67 80 90 106 112 133 134 172 203 208 248 254 283 343 355 376 390 417 434 459
155 2 10 11 22 32 54 96 120 126 162 173 207 226 228 265 269 311 332 338 404 413 422 430 447 458
156 6 32 55 65 99 108 109 126 130 138 153 155 162 196 228 253 265 294 308 311 329 342 365 381 404 422 430 433 434
157 11 17 30 50 91 132 157 173 187 198 200 210 235 243 295 336 346 347 361 371 387 391 403 411 435 445 454
158 0 19 113 118 167 178 186 347 362 365 383 437
159 48 62 213 226 285 324 438
160 9 29 30 86 91 108 126 157 179 185 216 217 236 240 254 276 280 289 295 296 310 329 350 360 371 375 378 390 395 396 402 412 433 436 446
161 13 16 29 30 33 42 44 61 71 77 90 127 131 132 138 152 165 167 170 217 221 234 240 242 252 263 267 270 326 359 362 367 368 378 379 390 402 416 419 440 443 446 457
162 18 53 77 126 135 172 176 207 228 243 302 326 330 332 347 359 361 374 404 430 439
163 19 49 50 65 109 125 153 180 217 228 243 290 292 293 295 330 335
164 2 26 30 31 32 51 63 70 73 108 111 134 151 155 156 197 207 225 243 253 257 259 264 265 279 294 299 306 329 330 349 361 379 384 402 403 425 428 430 436 443 452 457 463
165 19 27 130 133 144 173 196 205 239 247 284 286 355 379 425 458
166 0 22 34 72 79 96 133 136 166 180 187 233 236 243 279 311 316 342 347 357 370 372 374 380 390 432 451 458
167 5 10 15 26 30 36 55 95 101 144 147 165 171 186 201 217 253 265 267 272 280 290 319 326 336 343 347 360 369 387 393 397 409 419 439
168 11 62 81 106 186 188 204 273 296 302 352 358 384 389 453
169 9 11 16 17 22 24 31 43 113 114 121 122 126 144 185 209 212 225 227 255 256 299 342 359 362 388 401 425 435 458
170 25 44 54 79 80 106 114 151 193 228 243 244 255 267 285 286 291 332 346 354 366 374 378 394 435 445 457
171 103 295 451
172 4 22 45 59 64 81 83 94 124 132 138 194 199 204 230 247 249 255 290 316 324 353 360 371 375 408 413 448 458
173 21 130 250
174 11 17 22 32 36 38 39 44 49 53 74 79 84 107 120 121 124 128 130 151 157 161 166 170 185 189 192 194 195 216 222 225 243 292 306 335 342 350 359 360 365 371 388 389 390 397 412 414 419 428 434 450 451 454 457
175 40 73 169 244 262 377 396 423
176 47 87 276 327 372 374 378 379 392
177 24 32 33 47 48 55 56 62 63 83 84 88 97 102 112 114 115 116 120 125 128 129 137 143 145 153 170 192 194 195 210 213 215 219 221 223 235 237 241 250 253 263 265 266 273 274 276 278 287 288 294 295 299 310 313 325 333 337 339 341 347 349 356 380 385 389 391 392 411 415 423 439 447 449 453 454 460 462 463 464
178 30 56 71 79 116 122 144 167 180 226 231 234 240 270 292 295 297 326 345 347 357 409 428 434 437
179 13 17 50 54 61 86 166 179 222 251 309 348 354 404 414 435 443
180 27 51 53 93 108 121 127 196 202 205 248 263 270 284 306 309 328 347 369 379 418 429 431
181 125 225 300 367 372 429
182 87 171 201 302 372
183 2 10 13 17 19 31 38 55 119 136 169 171 192 198 224 227 267 270 273 285 288 328 349 350 361 372 378 405 444 457
184 0 12 30 54 55 93 98 99 111 114 118 123 144 173 187 203 207 210 213 215 220 244 251 254 272 292 323 337 343 361 379 394 402 416 449 453
185 11 13 17 18 22 56 72 74 79 108 122 157 173 178 187 208 233 240 249 265 276 279 290 302 312 325 333 342 346 348 367 368 378 380 400 420 445 447 449 454
186 27 44 166 171 175 211 270 283 292 323 346 380 422
187 147 170 173 274 276 333 346
188 119 135 166 248 273 346 352 358 384
189 23 38 55 64 66 166 232 240 284 319 437
190 4 65 84 104 138 172 287 334 365 435 450
191 4 37 75 79 157 173 191 241 273 292 299 309 346 350 369 457
192 22 67 83 94 114 129 138 143 172 198 209 221 223 230 244 253 261 287 325 326 327 383 450
193 72 228 243 252 255 275 351 361 434 445 446
194 9 30 151 372 402 432
195 4 6 9 10 14 16 28 32 36 45 48 52 55 62 64 75 81 83 92 104 115 128 148 153 164 172 183 197 209 215 219 221 226 241 242 243 250 263 264 268 286 299 310 325 333 373 374 378 379 385 386 393 403 408 415 424 427 444 445 450 454 458 463 464
196 77 263 331 338 458
197 3 6 45 63 65 75 90 125 132 138 153 162 209 210 222 225 229 230 266 268 297 313 340 360 377 379 382 388 389 402 418 423 424 425 444 455
198 4 47 142 169 179 185 256 290 351 354 392 442 456
199 9 18 36 199 228 300 343 371 393 398 418
200 30 37 50 76 127 136 144 153 170 173 193 203 217 227 232 233 242 243 260 267 291 292 311 339 361 365 367 368 369 378 397 398 403 406 417 419 435 440 443
201 30 148 171 263 363 384 390 392 451
202 59 66 69 74 90 130 173 174 187 189 191 262 302 308 309 338 390 434 458
203 0 3 4 34 42 49 56 61 92 101 121 140 196 201 203 225 233 234 260 261 289 304 311 317 323 341 342 353 370 397 402 412 434 435 440
204 138 166 188 192 201 204 221 273 277 287 300 328 342 349 352 384 409 423
205 113 120 171 201 240 249 273 296 304 425
206 13 18 30 56 124 144 145 169 174 185 199 225 247 266 267 277 287 310 357 361 369 402 413 436 439 447 451
207 51 91 144 210 226 311 318 320 436 446
208 24 207 247 251 262 327
209 4 53 62 75 104 118 125 143 162 187 190 217 226 231 301 332 353 361 378 383 401 404 409 462
210 4 40 132 176 182 226 248 263 265 284 365 374 427 438
211 40 66 262 323 431
212 13 17 33 62 80 95 125 126 185 216 224 256 257 262 266 275 279 292 319 363 425
213 0 38 46 67 83 88 90 96 100 104 106 118 122 290 292 331 338 339 355 361 372 375 381 417 440
214 31 44 47 48 53 55 72 75 78 102 114 122 125 126 131 163 171 216 227 231 235 240 243 252 273 277 294 295 304 336 361 373 376 378 380 392 399 403 405 407 411 445 451 464
215 21 33 59 83 215 342 432
216 15 29 60 63 74 79 98 112 144 199 200 207 211 213 225 260 261 270 274 289 295 317 325 328 329 334 342 347 348 360 362 367 369 371 401 402 406 410 422 426 439 440 447 451 452 453 454
217 0 23 25 30 35 36 40 77 144 147 208 234 308 324 347 351 357 363 375 394 409 415 436 449 458
218 12 67 169 185 210 248 326 346 365 434
219 32 48 70 134 155 156 161 162 164 168 170 209 228 235 241 253 261 263 264 330 332 381 386 404 423 430 444 450
220 57 247 446 449 451
221 5 15 36 90 92 94 114 167 198 199 210 239 248 267 306 328 357 379 453 454 457
222 0 6 109 311 360 379
223 5 124 144 151 204 210 248 255 392 436
224 0 12 14 16 20 21 22 27 28 29 32 38 40 44 57 72 82 91 112 114 118 120 131 133 134 167 169 171 176 185 188 191 193 202 203 211 212 216 217 225 247 260 274 276 284 285 296 299 301 302 303 306 308 310 313 319 322 325 332 336 343 351 355 362 364 383 386 388 389 396 397 408 412 425 430 435 444 447 457 460
225 19 95 101 102 113 119 141 157 158 199 252 271 284 313 317 361 365 367 370 371 378 409 419 454 462
226 61 90 98 113 169 243 247 292 299 372 377
227 13 30 50 76 79 86 136 146 170 178 185 187 193 225 232 243 244 277 285 291 295 308 311 312 336 337 342 343 347 360 366 367 372 373 378 415 426 441 442 445 457
228 72 80 108 144 202 286 318 343 381 392 409
229 3 6 9 14 29 41 44 59 62 94 96 109 118 191 201 210 229 242 258 263 270 271 286 300 330 340 347 363 375 382 390 423 439 447
230 9 30 95 98 207 210 226 231 273 309 407 419 438
231 0 44 98 211 226 265 313 321 325 353 374 399 407 419
232 13 43 62 72 111 174 199 244 251 252 262 263 326 341 349 364 372 390 427 440 441 442 449
233 12 23 27 30 33 44 91 98 121 124 131 136 172 215 217 224 238 240 244 281 292 299 303 309 319 350 355 375 379 394 423 429 435 437 440
234 9 27 92 98 121 207 240 397 416 440
235 4 10 17 20 25 30 39 52 60 65 70 74 78 85 96 105 107 111 117 118 119 125 134 151 154 210 220 227 236 246 254 258 268 289 293 306 308 314 315 341 372 373 386 388 392 402 415 421 424 432 433 447 456
236 3 11 30 40 44 50 85 131 134 161 174 197 279 294 316 324 331 337 342 370 410 435 451
237 14 42 84 91 96 97 120 122 125 128 153 160 221 243 248 249 265 280 301 310 335 373 380 413 445
238 99 118 125 146 210 230 231 255 272 281 282 311 321 335 372 387 394 407 419
239 56 77 105 109 249 299 343 426
240 5 17 22 27 30 32 44 47 50 51 60 64 67 75 90 99 103 114 115 118 120 133 140 147 153 154 160 161 174 185 186 187 191 206 212 224 226 227 229 232 239 240 244 247 253 255 256 260 263 266 271 276 277 285 287 296 298 310 312 323 327 345 346 348 359 360 362 368 373 377 378 383 396 401 410 425 432 433 444 447 451 452 456 457 458
241 2 4 5 9 12 20 30 32 33 36 40 41 42 44 45 50 51 53 54 55 56 58 61 62 66 70 74 75 82 84 92 98 104 105 118 122 123 124 128 131 132 133 144 152 161 166 170 172 179 184 188 194 197 201 203 205 206 209 223 224 226 230 231 233 247 248 253 261 264 266 267 275 277 282 285 287 288 290 292 294 297 301 302 304 311 316 317 324 326 340 351 354 360 363 374 375 380 383 387 388 390 403 417 418 419 423 432 434 438 439 440 444 447 450 453 454 456 462 463
242 37 61 71 76 90 94 114 127 129 130 182 201 205 221 225 234 247 260 262 267 268 270 275 299 311 323 328 336 339 349 360 394 399 403 437
243 7 15 23 31 36 49 79 83 100 120 125 136 140 144 154 199 202 244 270 298 302 379 383 384 433 435
244 21 62 79 80 95 134 240 260 263 278 306 312 372 397 451 460
245 0 22 25 31 39 62 63 77 92 95 104 120 130 178 184 220 221 226 299 301 308 319 348 350 357 362 378 408 410 426 427 449 454 459
246 60 107 130 166 199 222 225 240 255 323 361 445 456
247 146 175 208 209 300 338 380
248 115 119 134 171 187 281 359 375 451 453
249 57 168 171 182 201 223
250 0 16 19 23 28 33 36 43 44 52 61 62 65 70 71 72 83 92 98 110 111 116 121 127 132 141 161 167 168 174 176 178 184 196 200 203 206 213 216 217 220 227 229 233 234 239 242 247 253 261 266 270 277 278 281 292 299 304 309 311 317 323 326 344 347 348 349 369 375 383 385 390 391 392 397 401 402 405 414 418 428 432 434 437 440 450 453 463
251 144 166 251 254 262 333 423 444 447
252 6 114 136 265 308 312 364 398 417
253 2 15 18 22 37 47 90 104 128 173 175 178 189 199 205 210 221 231 242 261 325 327 329 332 342 350 357 362 365 369 372 418 452 457
254 30 35 44 54 88 92 121 124 157 162 187 248 284 289 298 311 326 346 357 392 397 399
255 27 41 80 90 98 130 153 170 175 225 229 301 302 323 347 350 361 384 410 451 461
256 44 54 79 121 140 150 170 179 192 213 216 220 248 262 271 275 281 304 375 390 406 418 434 435 446 451
257 20 30 31 46 50 53 54 55 59 60 64 66 129 135 153 155 167 169 170 183 198 212 224 225 229 243 246 256 269 275 295 323 337 363 371 376 379 388 390 400 411 419 420 425 428 437 449 451 461
258 3 29 87 112 182 187 258 271 297 302 365 371 382 412 439 442 451 463
259 263 341 361
260 36 135 136 143 196 217 229 262 270 350 392 399
261 5 22 54 62 99 107 171 180 187 210 218 238 248 295 317 320 326 337 365 367 374 387 413 434 439 450 454
262 19 151 174 333 437
263 5 18 24 27 30 39 43 51 54 55 62 68 69 70 78 89 96 111 117 130 141 146 161 162 170 187 189 202 206 214 216 217 224 226 249 250 253 256 257 258 276 281 292 303 304 305 309 310 311 321 334 337 346 356 371 385 391 398 404 406 409 411 413 431 457 463
264 14 28 58 79 121 138 153 162 179 204 240 248 266 286 325 402 435
265 31 40 113 187 228 265 374 422 453
266 0 10 11 14 15 20 39 53 54 67 69 83 96 97 98 119 140 151 158 167 168 171 178 179 181 182 188 191 201 203 204 205 215 216 249 253 266 273 296 308 313 326 336 349 359 361 362 379 380 384 403 404 421 428 434 445 446
267 0 18 30 53 90 130 171 175 210 211 218 247 262 270 292 311 326 349 355 357 371 374 380 397 399 401 402 410 439 453 462
268 0 6 19 42 65 101 124 132 180 222 223 360 365 378 401 402 418 435 443 449
269 2 14 24 28 53 101 106 108 112 264 266 281 325 361 379 403 413 424 445
270 2 32 57 90 130 187 207 240 244 247 303 311 343 355
271 3 11 81 159 171 263 270 276 281 301 358 371 372 410 413 438
272 13 60 84 121 188 265 272 276 316 359 393 409 413
273 61 80 207 267 358 384
274 5 15 29 39 56 57 66 69 73 76 96 103 114 120 131 139 141 146 151 152 153 161 166 172 174 185 186 203 221 239 240 243 249 253 257 263 274 284 285 295 305 334 337 341 350 360 376 389 390 423 427 431 435 439 445 449 455 459
275 0 98 242 275 302 377 384 410 435 446 456 457
276 13 21 22 27 28 48 54 57 67 69 78 85 89 91 104 111 112 115 122 125 129 132 134 139 151 153 174 188 202 203 206 214 224 240 244 248 256 258 263 267 274 276 278 283 286 299 300 303 310 316 330 346 349 350 365 369 376 380 388 389 390 392 396 398 411 420 447 460
277 5 30 39 75 92 106 110 144 151 225 227 238 243 256 261 263 267 277 338 346 347 372 380 381 387 424 426 440
278 67 101 105 120 125 129 144 158 166 180 192 200 216 232 299 313 314 315 317 328 337 340 342 350 367 369 383 402 406 435 450 456
279 30 85 173 240 265 279 306 367 402 426 432 434
280 22 30 44 85 113 122 187 201 255 279 301 306 325 327 440
281 2 30 33 56 58 60 61 65 71 86 90 91 104 105 120 121 125 127 136 150 152 161 165 167 172 178 179 194 200 203 216 225 233 234 242 260 278 291 297 301 302 311 349 351 368 369 371 401 405 408 414 440 455 456
282 42 182 210 230 231 300 335 374 437 456
283 13 27 73 130 171 266 313 323 342 377 380 396 431
284 19 77 90 111 134 196 221 258 311 326 347
285 22 61 74 102 119 134 136 144 225 244 289 319 364 384 435 453 457
286 210 243 347 365 372 410
287 0 44 90 173 186 213 218 326 327 361 372 449
288 25 42 53 102 244 313 462
289 28 65 130 171 173 202 222 228 284 301 311 317 319 347 380 398 401 426
290 11 13 186 188 299 308 311
291 16 167 285 304 367 376 390 457
292 13 17 44 54 89 130 134 151 208 235 248 251 283 300 309 333 346
293 10 21 33 43 55 76 86 88 91 125 154 157 160 173 189 202 216 221 227 235 246 254 266 284 286 306 309 310 342 344 364 367 373 376 390 392 394 401 414 421 446 447 459 463
294 30 38 63 65 79 97 125 129 153 155 161 243 247 248 264 266 310 313 342 344 349 359 369 384 403 412 459
295 0 9 27 30 68 71 72 79 93 98 122 147 151 170 201 207 263 278 280 300 309 336 338 343 357 389 390 399 402 415 437 455 458
296 79 109 188 204 273 358 384 425
297 0 22 37 42 45 60 61 81 92 104 107 109 113 124 134 144 147 172 222 234 239 240 255 271 283 296 308 323 340 360 365 371 372 379 382 387 401 413 418 455
298 22 83 90 91 100 122 125 173 174 186 202 225 230 262 283 292 300 380 409 411 439 451 455
299 9 14 16 24 54 65 74 75 82 90 93 102 132 144 157 166 173 175 180 194 199 209 221 226 234 255 267 284 300 303 306 313 325 328 335 342 347 351 353 362 372 379 384 402 411 418 430 446 447 457
300 33 42 78 83 89 93 135 187 292 300 346 355 361 372 379 389 445 454
301 47 55 186 243 250 344 392 449 464
302 21 55 57 175 178 180 186 206 258 319 424 427
303 5 15 30 37 38 43 44 59 68 70 72 93 106 107 109 113 121 125 131 133 134 136 160 165 171 181 194 198 202 203 206 225 232 233 234 236 246 263 281 288 292 294 302 306 309 311 325 334 346 349 357 359 360 368 378 392 396 397 399 411 415 427 433 435 444 458 459 464
304 13 17 19 28 31 55 57 65 69 85 119 128 131 161 166 169 170 178 179 183 185 188 191 194 198 206 212 224 228 234 240 243 256 257 266 280 290 312 316 335 339 349 354 359 364 369 376 378 383 388 390 414 420 433 434 438 439 444 446 452 456 461
305 5 31 58 88 105 134 174 200 213 228 240 283 293 301 327 336 337 378 430 435 451 458
306 39 54 91 93 96 104 108 122 125 160 161 179 180 213 237 240 246 251 266 280 283 294 297 301 304 310 325 351 361 371 375 379 390 392 398 403 433 440
307 13 31 60 65 79 91 131 138 170 173 174 185 214 227 243 257 284 291 336 344 361 429 433 434 442
308 0 17 84 166 202 379 439
309 57 65 153 166 197 206 216 232 262 263 309 325 346 350 364 451 456
310 2 15 32 61 72 96 97 120 125 126 127 132 170 182 184 207 220 224 225 245 247 253 263 280 295 320 324 336 349 365 378 379 405 428 434 449
311 19 79 90 111 123 130 133 150 173 181 187 226 239 247 265 306 316 337 345 361 365 378 380 397 401 410 423 430 451
312 65 128 130 223 272 302 331 373
313 2 47 80 163 278 292 365 392
314 30 55 61 105 107 159 163 185 187 194 210 225 268 315 360 392
315 49 82 87 103 110 113 166 199 221 242 249 254 255 263 267 268 270 290 298 299 369 378 384 437 449
316 44 66 216 240 243 245 264 295 323 458
317 0 2 12 28 29 51 65 74 90 93 112 138 154 194 207 222 229 238 268 270 284 297 347 363 364 365 371 375 394 429 455
318 53 98 99 125 138 168 171 185 210 292 302 316 331 335 338 351 353 375 402 404 437 458
319 0 19 77 109 254 262 345 347 357 431 434 451
320 2 9 62 244 262 318 332 370 379 380 422 430 440
321 47 90 94 153 201 226 230 259 282 365 387 413
322 78 87 105 211 224 262 372 398 409 411 417 423 438 453
323 40 56 95 113 119 153 257 278 346 410 423 431 451
324 90 151 185 193 229 251 295 310 338 347 394 402 438
325 4 9 25 42 65 69 74 76 81 90 91 94 98 104 122 124 146 171 172 194 213 215 220 226 248 286 371 379 393 399 410 453 454 462
326 44 57 90 130 247 304 311 313 324 326 343 345 347 380 410 411
327 47 98 226 247 309
328 62 187
329 12 53 62 90 99 173 239 261 351 353 413 426 452 457
330 91 173 254 369 422
331 151 208 276 341 392
332 31 243 373
333 1 7 24 38 44 53 57 66 81 111 114 134 139 145 147 151 153 154 174 180 183 192 206 225 226 250 263 277 281 293 299 304 362 376 445 447 451 457 463
334 27 60 67 74 133 167 181 255 299 335 429 435 448
335 95 146 170 226 230 231 265 399 407 419
336 13 30 35 50 53 72 80 83 93 103 106 129 132 163 170 185 193 207 221 222 232 243 245 252 288 295 312 326 335 339 364 365 371 373 378 405 411 440 442 445 454
337 13 19 31 42 99 131 155 175 183 185 198 205 224 251 253 256 257 263 264 275 277 285 291 304 342 354 361 420 437 447 451 457 461
338
339 31 42 130 187 192 276 286 331 338 375 394 444
340 3 29 72 109 113 159 162 187 197 258 276 343 363 382 423
341 44 54 58 70 76 109 121 151 155 157 175 181 194 206 215 245 267 274 276 278 281 301 302 304 317 321 334 342 363 385 389 392 399 410 418 434 435 439 453 458
342 28 84 87 93 99 101 107 144 153 154 168 187 202 207 229 240 244 247 278 280 282 294 394 397 398 399 413 451 462
343 35 41 90 103 226 245 316 323 347 383 412 423 458
344 13 19 43 59 62 76 77 80 136 170 171 193 216 225 227 252 280 281 285 312 323 325 336 341 343 364 365 367 378 397 405 415 444 456
345 36 66 79 111 113 132 174 350 451 457
346 14 214 218 398
347 90 125 173 187 247 292 326 411 451 453
348 0 11 61 90 91 93 104 120 150 196 199 201 205 213 217 229 240 248 262 271 281 302 331 339 342 345 346 347 349 375 390 394 397 398 413 434 447
349 2 9 15 16 17 39 92 94 96 110 114 128 136 167 217 229 242 245 253 267 274 292 297 325 347 369 374 399 402 403 426 428 439 446 454
350 30 35 146 244 247 257 293 296 309 310 371 410 449
351 196 319 380
352 0 13 31 50 187 266 304 346 358 451
353 98 306 361 434
354 9 17 96 144 151 173 174 185 297 311 323 325 348 369 427 435
355 375
356 0 2 5 12 14 33 38 43 44 48 53 58 62 65 67 68 94 104 134 136 144 153 171 178 185 188 194 225 254 283 288 289 293 305 311 342 344 347 368 386 401 403 415 458 464
357 72 130 186 187 191 208 239 248 292 311 316 336 355 390
358 157 222 380 384 434
359 36 72 77 90 95 186 223 296 421 453
360 6 11 36 41 61 67 76 79 93 95 109 157 248 274 362 455 460
361 9 10 23 35 36 54 91 100 108 112 113 115 140 181 198 204 205 207 229 247 324 338 361 374 378 423 434 462
362 15 30 53 157 167 178 204 213 240 248 265 267 273 284 327 346 367 437 450
363 2 3 29 44 48 62 90 106 112 159 179 231 250 255 258 264 271 298 310 322 325 369 374 390 394 402 438 454
364 0 4 77 84 107 108 116 248 262 263 308 319 342 357 367 376 380 392 395 398 431 448
365 18 22 37 56 71 87 112 138 147 176 186 194 210 226 230 262 265 303 327 372 374 451
366 79 101 126 147 163 204 229 244 252 278 292 295 310 418 423
367 19 144 225 272 284 286 378 394 418 434 453
368 13 25 30 68 79 86 93 101 102 118 119 121 136 143 172 185 190 196 213 239 263 309 312 325 331 340 355 378 414 426 450 457
369 13 16 39 53 56 61 63 74 86 90 93 95 99 119 130 151 162 176 199 203 221 234 242 245 255 260 267 284 290 292 311 317 324 325 336 341 342 359 363 368 372 375 380 383 390 394 397 405 414 430 458 460
370 11 40 168 171 175 206 372
371 3 18 29 41 81 83 98 112 135 136 207 222 224 229 235 248 249 258 271 276 316 322 327 333 340 359 360 363 365 382 394 409 438 451 455
372 23 187 240 276 451
373 13 15 22 36 58 72 83 90 93 101 104 114 144 163 170 171 172 193 216 224 225 228 232 233 243 267 272 273 290 292 308 324 334 343 354 378 395 430 436 441 442 445 455
374 22 56 125 196 259 327 350 353 380 394 416 424
375 23 47 92 120 255 263 271 331 402 444
376 20 55 80 131 141 153 172 179 180 185 205 206 216 224 240 243 249 256 290 292 293 301 310 329 338 353 370 388 390 401 419 435 437
377 21 135 173 211 323
378 13 19 30 53 57 61 65 72 93 101 106 111 129 136 144 157 158 163 165 166 174 178 179 189 210 215 221 228 240 249 252 254 258 284 295 302 316 323 335 343 345 354 362 376 383 412 435 437 440 445
379 0 6 30 36 37 42 49 120 144 186 187 215 248 272 311 357 359 363 380 393 402 403 413
380 27 56 73 110 175 186 208 240 262 303 305 310 341 361 377 423 427
381 111 144
382 3 463
383 9 17 67 90 101 112 167 174 178 260 319 326 361 367 453 460
384 111 384 451
385 19 32 36 38 48 70 72 75 77 85 101 120 127 158 161 164 167 200 201 220 224 225 253 266 281 292 309 310 326 344 347 356 369 378 383 411 437 463 464
386 3 36 41 45 88 101 112 153 187 229 253 288 332 340 343 344 371 382 424 426
387 73 95 118 133 146 170 194 226 230 248 327 335 374 407 411 419
388 61 84 118 120 214 216 278 302 335 345 364 413 435
389 11 27 115 128 153 166 170 185 186 198 213 214 222 227 235 250 255 263 276 292 299 300 305 307 312 336 342 344 361 364 373 374 376 391 411 418 451
390 2 11 35 49 84 98 106 147 157 181 187 205 240 244 248 258 263 264 305 352 365 381 384 389 394 399 402 405 410
391 2 28 49 52 53 85 112 116 117 118 123 154 158 174 186 214 220 233 235 249 275 278 285 289 293 294 308 334 340 392 398 400 409 411 412 421 432 447 458
392 27 37 50 57 76 77 88 93 105 113 122 125 154 161 163 166 168 180 192 203 233 239 255 256 260 277 279 287 299 317 318 350 361 392 400 402 405 421 431 433 435 442 447 451 456
393 9 27 36 67 94 187 191 196 210 248 313 380 399 453
394 21 27 56 59 66 172 192 196 206 240 279 289 326 338 434
395 6 21 72 77 84 106 116 140 174 179 228 240 295 308 321 343 361 457
396 33 144 309
397 21 130 133 144 162 247 255 292 317 369 394 402 451
398 0 12 22 62 85 93 147 201 213 217 241 254 311 339 359 375 379 380 394 408 428
399 44 90 92 130 186 187 402
400 13 14 28 49 62 67 75 85 109 118 122 125 134 141 144 187 245 246 248 254 260 267 269 279 293 299 314 315 319 328 352 390 404 406 408 415 422 424 433 437 447
401 40 66 90 130 186 211 254 262 283 323 377 390 399 431
402 34 179 262 292 325
403 16 21 22 27 31 61 62 66 67 73 91 166 173 190 198 218 222 239 247 251 262 267 283 292 363 372 379 380 396 399 401 414 446 451
404 30 111 147 191 206 308 330 331 332 381 425
405 0 9 37 44 47 62 65 70 71 74 76 86 116 118 120 121 167 203 222 225 233 249 350 368 369 373 378 390 409 414 417 437 439
406 14 59 86 93 166 181 228 268 299 300 309 323 325 351 357 370 373 375 378 384 399 434 457
407 95 146 205 242 419 434 435
408 36 150 225 248 286 322 365 422
409 30 48 171 277 383
410 66 69 89 111 131 151 188 300 354 363 384 410 451
411 22 25 43 54 57 58 93 104 107 116 122 125 134 151 160 189 197 200 202 203 206 217 225 226 240 303 305 306 311 335 337 341 342 348 351 374 379 398 406 415 425 430 451 463 464
412 0 18 22 30 44 51 66 83 104 108 146 187 207 228 230 238 243 244 259 303 304 309 320 335 353 361 379 390 398 407 436 443
413 5 67 94 108 114 174 248 258 359 381 392 409
414 2 19 35 42 47 60 61 71 77 82 86 116 121 144 178 208 228 270 308 375 378 398 399 402 426 430 436
415 14 25 33 60 93 101 134 160 170 193 199 206 213 230 247 253 254 278 281 288 289 299 310 325 328 334 341 342 434 456
416 32 187 437
417 23 30 37 66 77 90 104 147 168 215 271 292 300 394 399 402
418 30 42 109 196 226 228 229 265 342 370 439 440
419 19 49 62 68 72 75 95 113 224 287 292 304 308 337 346 353 372 384 416 429 440 451
420 2 31 39 44 54 91 100 109 131 136 157 169 179 198 201 206 212 243 275 285 302 325 354 365 376 384 388 435
421 23 67 83 84 102 107 108 122 124 134 152 153 154 181 200 207 216 223 224 236 255 272 284 310 314 343 369 380 381 388 395 400 410 413 415 421 425 459 461
422 85 132 381 438
423 240 262
424 6 9 14 33 65 72 112 125 135 141 148 151 188 222 229 271 278 285 303 317 340 361 363 365 371 379 418 419 430 438
425 10 17 39 96 116 125 175 204 227 243 266 277 302 324 347 349 350 372 382 384 410 418 433 446
426 0 16 31 44 80 90 121 130 132 187 248 292 302 336 347 431
427 5 16 21 30 50 55 61 70 86 88 90 94 97 143 144 147 153 160 166 176 179 185 186 238 275 278 290 303 305 311 356 361 369 370 379 405 407 426 439
428 0 11 39 53 60 65 69 71 82 83 91 116 127 128 134 151 166 167 172 178 187 212 223 229 231 243 270 271 287 311 317 329 336 346 348 353 361 369 383 397 403 413 423 446
429 118 226 240 261 328 410
430 35 113 126 217 223 229 324 325 330 332 379 381 404 422
431 40 58 104 112 386
432 84 91 187 196 255 361 389 458
433 12 30 53 61 79 84 98 114 119 143 166 192 202 204 215 220 225 236 239 252 268 279 292 327 341 344 355 359 377 378 390 405 423 431 454
434 22 57 103 106 146 178 182 205 229 263 311 326 342 371 433
435 9 30 54 77 79 271 295 302 413 449 451
436 26 122 316 353 408 410 455
437 77 90 241 250 255 301 319 350 392 408
438 57 60 91 216 299 313 359 376 384
439 60 76 108 136 192 196 229 326 435 439 451
440 11 57 58 196 247 260 324 325
441 22 50 61 72 79 82 90 99 130 138 151 157 185 240 244 277 309 312 323 333 335 337 357 359 437
442 8 11 13 31 50 61 72 79 81 107 114 132 202 232 267 268 290 312 336 348 361 375 378 385 417 423 441
443 2 26 88 113 153 171 254 259 410 453
444 18 45 62 63 75 79 102 104 119 190 216 225 255 263 288 301 325 364 371
445 13 22 50 72 77 79 117 143 163 179 180 181 185 194 197 201 203 232 240 243 263 278 308 335 354 357 398 427 436 441 442 463
446 6 10 46 53 73 77 108 175 211 283 370 380 423 439
447 32 58 62 65 93 101 141 177 190 205 209 215 230 242 255 261 263 292 301 315 323 326 335 342 380 437 456
448 6 124 379
449 0 19 22 42 53 98 100 133 262 333 343 359 380 398
450 3 28 53 173 218 229 363 377 380 445 446 451
451 13 130 144 225 262 263 293 302 306 336 346 423 438
452 14 18 39 54 61 63 79 91 96 185 195 207 210 221 226 227 261 265 285 311 327 336 346 365 371 374 399 403 412 443 457
453 53 380 460 462
454 9 15 47 55 63 81 95 102 108 130 144 172 211 238 297 321 326 342 359 387 388 399 401 434 458
455 40
456 60 107 128 129 160 166 216 240 254 366 380 394 432 450 455
457 22 54 62 115 118 196 208 222 248 258 326 342 347 360 376 399 410 412 419 426 443
458 9 11 94 119 134 144 153 228 240 248 346 347 443 458
459 11 26 59 90 91 108 110 122 140 144 150 166 174 187 200 206 207 225 240 249 261 272 292 299 311 315 337 362 364 390 400 429 447 450
460 21 55 57 79 90 104 111 114 116 133 147 151 169 206 223 261 276 277 294 328 361 365 392 400 412 446 450 452
461 27 63 97 117 131 154 169 179 185 187 198 203 212 248 255 256 263 342 346 372 376 388 396 420 423 425 435 457
462 83 95 113 225 323 365 413 431 458
463 0 3 12 16 17 33 45 61 65 81 88 98 99 104 112 118 119 120 130 131 132 152 159 197 199 210 216 225 229 230 238 242 243 247 258 271 278 281 294 297 299 300 301 317 325 340 341 343 361 363 371 386 387 415 424 438 444 454
464 5 6 14 31 42 47 52 54 58 61 68 76 126 133 134 144 151 161 172 180 182 192 196 197 199 209 230 238 241 249 270 272 278 282 283 286 306 316 317 318 325 334 335 342 352 357 364 379 383 387 393 409 413 415 435 437 439 444 453 462 463 464
