#causal_discovery_pcmci.py data/Cleaned_SP500_Data_latest_return.csv 1 latest_sp500_return pcmci
# GMT Sat Sep  7 07:39:45 2024
# 
0 0
1 1
2 2
3 3
4 4 329
5 5 7 62 127 210 265 342 344
6 6 45 81 137 144 209 229 307 393 422 438
7 7
8 8 5 16 17 24 32 38 40 41 44 55 58 65 70 75 76 82 90 92 95 98 110 113 114 118 137 144 146 150 158 167 169 173 175 178 189 199 200 201 205 207 208 211 212 224 225 226 236 238 247 265 267 269 272 273 278 283 288 297 299 304 313 323 326 328 333 335 348 354 357 361 378 383 388 393 396 407 409 416 458 460
9 9
10 10 13 59 67 130 147 174 208 232 259 264 300 342 350 411 458
11 11 60 151
12 12 19 30 79 101 114 134 154 160 173 193 217 232 233 238 247 254 256 259 261 298 331 342 366 388 392 394 397 400 421 451 452 458
13 13 310
14 14
15 15
16 16 19 95 121 158 225 238 240 354 419 429
17 17 16 23 27 31 32 43 50 76 83 84 85 97 101 116 120 128 129 133 137 140 150 152 167 170 175 184 193 200 203 208 212 213 216 233 243 245 250 272 275 284 304 306 310 311 322 323 336 337 338 344 357 366 380 383 393 394 396 397 414 420 432 437 440 442 445 452 453 454 459 461
18 18
19 19 91 163
20 20 91 310 382 423
21 21
22 22 449
23 23
24 24 436
25 25 62 69 180 240 274 288 439
26 26
27 27
28 28 6 112 134 152 173 271 315 317 382 385 415 457
29 29
30 30 97 98 275 294 403 454
31 31 222 229 234 239 319
32 32 50 68 76 91 96 105 107 144 150 222 235 236 246 249 269 293 310 314 317 318 377 392 400 414 424
33 33
34 34 218
35 35 79 227
36 36
37 37 223
38 38
39 39 33 47 48 105 110 195 199 215 386 413 424 445 464
40 40
41 41
42 42
43 43 53 88 160 173
44 44
45 45 133
46 46 136 202 203 263 279 283 325 356
47 47 2 66 100 237 248 280 294
48 48
49 49 294
50 50
51 51 108 225
52 52 57 69 104 151 240 274 276 277 338 427 435 444 462
53 53 90 106 132 410 452
54 54 32 46 65 98 100 109 144 190 207 213 229 304 308 320 359 370 388 402
55 55
56 56
57 57 370
58 58 109 180 368 370
59 59
60 60 321
61 61 185 430
62 62 5 133 230 285 350 384
63 63
64 64 49 181
65 65 90 288 363
66 66 83 138 190
67 67
68 68 12 44 86 117 121 222 256 329 362 439 461
69 69
70 70 385
71 71
72 72
73 73 397
74 74
75 75
76 76
77 77
78 78
79 79 32 55 118 153 264 278 290 299 302 328 333 372
80 80
81 81
82 82 226
83 83
84 84 99 129 143
85 85 15 413
86 86
87 87
88 88 344
89 89 221 240 367
90 90 0 2 12 18 21 22 33 39 40 42 61 65 76 87 121 127 141 144 147 148 150 167 173 178 200 203 217 221 231 234 239 250 253 259 274 276 281 284 292 311 319 323 325 339 354 357 365 378 389 397 437 443 453 462 464
91 91 63 97 294 443
92 92
93 93 15 36 70 135 430
94 94
95 95
96 96 26 61 108 126 164 176 220 253 300 306 326 355 436 457
97 97 3 4 6 8 9 10 11 15 16 23 24 29 30 31 32 35 36 38 39 40 44 47 51 56 61 62 63 64 65 69 70 71 76 79 80 81 83 85 92 95 98 101 102 113 115 116 118 120 121 125 127 128 131 132 136 137 140 145 146 147 148 151 153 158 159 162 164 166 167 168 170 172 174 177 178 179 180 183 192 194 195 197 200 203 204 205 206 208 212 217 218 220 225 226 229 230 231 233 234 235 242 244 247 250 251 256 258 271 272 274 276 277 278 281 284 285 290 292 293 296 299 302 303 305 307 308 309 311 313 315 316 317 318 319 320 322 324 325 326 328 333 335 337 344 345 346 347 349 352 357 361 363 366 368 369 371 372 378 379 382 383 384 385 390 394 396 397 398 399 402 405 407 412 413 414 415 416 417 418 419 420 425 428 430 432 435 438 439 440 452 453 454 455 456 457 459 460 461
98 98 142 191 264 395
99 99 27 30 49 54 69 78 89 90 92 127 134 136 146 151 160 161 165 186 200 202 203 216 217 233 234 260 274 281 283 300 311 342 346 364 368 375 390 394 397 398 413 419 451
100 100 147
101 101
102 102
103 103
104 104
105 105 7 73 245 280 301 306
106 106 162
107 107
108 108
109 109 89 365
110 110 8
111 111 103 122 215 397
112 112 33 68 78
113 113 426
114 114
115 115 94
116 116
117 117 37
118 118 2 24 33 185 250 258 309 333 337 438 463
119 119
120 120 9 21 64 70 91 100 118 155 182 184 195 266 272 275 301
121 121
122 122 3 4 36 45 72 75 81 86 119 120 123 138 141 154 159 197 209 211 222 241 246 254 295 297 298 303 310 321 322 339 359 360 365 377 380 393 433 438 441 463
123 123
124 124 26
125 125 266
126 126 133
127 127 47 91 430
128 128 54 240 398 457
129 129 188 194 440
130 130
131 131 10 15 61 215 246 266 281 302 324 417 446
132 132 42 182
133 133 12 13 27 68 90 107 117 121 134 146 152 154 160 161 165 178 186 187 232 233 240 243 244 281 283 293 298 311 317 336 342 346 349 355 368 398 400 410 412 419 445 449 451 455 457 458
134 134
135 135 93 141 240 305
136 136 415
137 137
138 138 18 29 74 104 384
139 139
140 140 168 352
141 141
142 142 8 98 457
143 143
144 144 240 243 273
145 145 108
146 146 21 151
147 147
148 148 135
149 149
150 150 430
151 151 410
152 152 308
153 153 97 98 135
154 154
155 155 19 22 31 33 36 37 38 39 42 48 71 77 83 87 95 116 117 124 145 150 158 177 184 192 193 215 234 237 243 245 253 255 278 279 281 313 314 316 349 353 354 357 359 365 372 373 383 405 417 432 440 449 453 456
156 156 46
157 157
158 158
159 159
160 160 413
161 161 152 240
162 162
163 163
164 164 41 52 88 189 343
165 165
166 166
167 167
168 168 193 389
169 169
170 170 12 54 167 346
171 171 21 277 427
172 172 353
173 173 40 44 60 89 90 101 102 114 130 167 222 239 242 247 250 254 300 311 317 328 355 394 397 410 415 455 456
174 174 9 299
175 175
176 176 309 436
177 177
178 178 83 226 403
179 179 61
180 180 100 195
181 181 367 446
182 182
183 183 408
184 184
185 185 72 91 103 263 356 364
186 186 26 44 66 161 346 422 429
187 187 240
188 188 5 46
189 189 38 55 307 328
190 190 84 239 298
191 191
192 192
193 193 8
194 194
195 195 14 90 126 214 251 262 311 329 403
196 196
197 197 19 50 72 108 166 232 254 316 319 336 370 379 385 436 441 442
198 198
199 199 1 7 21 131 151 243 304 354 425 461
200 200 6
201 201 388
202 202
203 203 120 363
204 204
205 205
206 206
207 207 102 121 197 222 226 426
208 208
209 209 75 231 242 270 353 383 404
210 210
211 211 66
212 212 318
213 213 274
214 214 15 114 231 232
215 215
216 216 331 410 412
217 217 185
218 218
219 219 260 268
220 220
221 221 28 90 238
222 222 94 247 327 382 423
223 223 5 124 328
224 224 140 203 284 344 382
225 225 52 74 107 117 136 141 150 227 233 235 260 268 334 354 392 398 400 419 432 442 445
226 226 113
227 227
228 228 462
229 229 29 44 212 294 438 461
230 230
231 231 0 321
232 232 363
233 233 98 419
234 234
235 235 58
236 236
237 237 2 12 30 37 39 41 42 55 56 70 71 77 96 120 154 169 177 180 243 265 292 319 329 333 391 400 413 452
238 238
239 239
240 240 181 263 356
241 241 226
242 242 48 120
243 243 106 244
244 244
245 245
246 246 343
247 247 19 251 400
248 248 101 134 147 157 249 351
249 249 108 318
250 250 79 174
251 251 0 21 57 76 114 139 146 147 171 178 247 254 331 333 338 377 392 397 419 427
252 252
253 253
254 254 272
255 255 5 21 27 43 66 84 129 147 170 350 356 397 451
256 256 61 184
257 257 31 73 184 337 380 383 420
258 258 371
259 259
260 260
261 261 6 10 15 16 17 65 70 82 110 114 115 122 141 149 166 168 180 185 188 196 215 224 273 302 304 315 323 324 338 348 361 370 376 417 430 437 446 447
262 262
263 263 43 103 266 276 305 431
264 264 16 275 354
265 265 152
266 266 25 216 380
267 267
268 268 101 435
269 269 2 26 71 101 214 217 288 395
270 270 240 303 309 368
271 271 303 309
272 272 429
273 273 47 63 103 121 143 207 226 237 280 309 343 384 408 415 428 459
274 274
275 275 17 20 30 31 38 39 48 49 55 66 79 92 111 131 147 174 179 182 200 201 221 256 280 285 297 301 316 317 339 342 368 375 377 384 398 420 428 435 457 464
276 276 132
277 277
278 278 91 128 272 413
279 279 33
280 280 219
281 281
282 282 62 253 366
283 283
284 284 185
285 285 57 93 242 328 427
286 286
287 287 62 365
288 288 145 176 220 253 282 328
289 289
290 290 353
291 291
292 292 21 48 266 275 290 400 413
293 293
294 294 19 112 157 160 165 232 252 334 341 364 429
295 295 30 66 163 170 214 244 350 389
296 296 194 208 210 261 265 329 341 365 374 387 401 416 456
297 297
298 298 70
299 299 191
300 300 444
301 301 47 221
302 302
303 303 26 49 131 164 201 212 213 257 277 304 331 335 337 354 375 420 435 445
304 304
305 305
306 306 117 128 175 245 253 259 403 452
307 307 13 15 62 74 104 173 216 223 350 394 401 442 444
308 308
309 309 2 21 51 52 55 57 65 76 85 99 109 164 166 179 180 188 205 206 213 232 234 235 239 242 246 277 279 339 407 427 447
310 310 74 98 132 419 448 454
311 311
312 312
313 313 38 205
314 314
315 315
316 316 72 207 295
317 317 275
318 318 152 159 458
319 319 21 89 90 92 114 133 151 208 247 311 346 398 448
320 320 3 13 15 18 21 26 28 30 31 51 67 69 72 86 93 106 107 108 114 119 123 131 134 147 151 153 154 156 159 160 163 170 174 179 183 195 196 198 206 214 239 240 241 243 252 254 260 271 274 276 284 295 297 298 305 306 307 312 317 331 336 340 342 346 350 354 371 378 380 384 387 388 393 394 395 398 409 411 413 419 420 421 424 427 435 441 445 451 455 460 461 463
321 321 25
322 322
323 323 232 410 419 441 451
324 324 6 23 126 136 200 239 247 251 311 410 440
325 325
326 326 74 79 146 356
327 327
328 328
329 329
330 330 173 300
331 331 240 412
332 332
333 333
334 334
335 335 327
336 336 245 374
337 337 73 84
338 338
339 339 34 286
340 340 3 45 112 124 162 194 271 298 325 345 371 386
341 341 267 410
342 342 84 223
343 343
344 344
345 345 17 20 55 79 111 145 169 185 192 212 224 257 266 302 304 313 320 362 366 376 385 388 402 425 439
346 346 27 30 43 44 51 66 68 69 71 72 78 79 89 101 127 130 151 163 170 191 202 214 217 240 243 256 260 263 274 276 284 295 298 300 303 309 310 317 347 350 351 364 375 397 398 404 411 435
347 347 64
348 348 68 191 303 309
349 349 97 374
350 350 90 309 449
351 351
352 352 11 13 17 55 169 185 188 224 257 302 304 358
353 353
354 354 11 121 216
355 355 46
356 356 39 62 71 72 85 88 107 114 116 136 161 165 191 195 200 203 225 229 245 246 250 254 280 284 293 298 310 312 319 336 360 368 421 426 428 432 442 443 455 456
357 357
358 358 392
359 359
360 360 149
361 361 21 49 51 57 85 86 93 107 108 112 114 115 139 142 154 163 198 240 244 252 254 260 274 276 277 283 284 293 294 298 317 351 378 391 395 401 407 412 421 426 427 445 447 451 455 456
362 362
363 363 62
364 364 21 42 44 67 83 89 139 143 192 206 231 260 277 311 326 330 342 345 350 367 407 410 419 427 431
365 365 147 251 451
366 366 1 7 17 20 67 106 113 131 141 169 179 183 185 212 224 240 256 257 267 275 296 304 337 350 354 370 376 425 434 451 461
367 367 40 148 225 287 378 409 439
368 368
369 369 6
370 370 24 59 191 333
371 371
372 372
373 373 38
374 374 237 424
375 375 444
376 376
377 377
378 378 163 331
379 379
380 380 186 269
381 381
382 382
383 383 397
384 384 19 74 228 293 312 360 366 371 390 434
385 385
386 386
387 387
388 388 92
389 389 97
390 390 14 53 187 205 248 264 267 362 399
391 391 401
392 392
393 393
394 394
395 395 18 259 321
396 396 140 290
397 397 15 266 431
398 398 91 321
399 399 233 392
400 400 12 22 44 48 61 76 83 144 197 265 298 311 323 365 409 453 464
401 401
402 402
403 403
404 404 20 35 51 111 201 224 256 257 290 302 376 388 431
405 405
406 406 309
407 407
408 408 2 97 147 164 259 436 443
409 409 454
410 410 73 74 78 151 342 343 347 367 394 404 419
411 411 95 160 256 292 329 394
412 412 147
413 413
414 414 195
415 415
416 416
417 417
418 418
419 419 332
420 420
421 421 395 410 413
422 422 4 14 29 43 45 58 67 68 78 84 85 103 108 112 120 140 154 191 197 202 214 244 263 295 297 303 305 328 343 350 360 368 382 386 392 408 409 411 454 458 464
423 423
424 424 159 188 340
425 425 73 176 271 382 423
426 426
427 427 303
428 428 0 12 13 19 27 30 44 54 66 88 90 107 115 121 122 127 134 144 154 160 161 165 184 199 203 216 217 233 235 238 243 250 254 263 281 283 287 310 312 314 334 335 336 346 347 351 366 379 381 398 400 406 421 440 449 451 464
429 429 99 226 261
430 430
431 431 13 50 227 312 336
432 432
433 433 70 118 279
434 434 20 28 35 46 65 150 153 166 169 178 179 180 185 188 196 205 224 234 250 251 255 257 263 266 267 292 299 302 327 358 376 403 422 425 433 446
435 435
436 436 70 122 334 408
437 437 12 127 130 242 298 347
438 438
439 439 136
440 440
441 441 2 30 44 49 74 79 151 170 174 216 240 244 252 329 335 350 366 373 394 412 435 457
442 442
443 443 30 166 181 191 235 240 246 254 298 303 378 429
444 444 227 249
445 445 106
446 446 4 118 168 192 333
447 447 58 78 103 176 226 230 253 263 356 386
448 448
449 449
450 450
451 451 442
452 452
453 453
454 454 213 339 348 388
455 455
456 456
457 457 356 366
458 458 12 58 134 146 184 237 245 253 266 309 310 356 398 436 449
459 459 120
460 460 324 365
461 461
462 462 42 136 207 307 320 328 335 338 359 362 442
463 463
464 464 251 273
