#causal_discovery_varlingam.py data/latest_sp500_return_80.csv 2 latest_sp500 varlingam
# GMT Sun Sep 29 03:55:47 2024
# 
0 46 70 82 98 189 201 266 351 379 412 426
1 7 96 114 146 260 294 311 324 350 392
2 26 49 52 92 253 259 373 374 432 436 443
3 206 274
4 0 6 64 211 272 457
5 1 15 18 25 30 58 67 76 89 128 153 176 194 212 217 221 271 317 342 378
6 27 70 72 124 370 384
7 6 48 137 240 271 302 390 447
8 52 90 121 144 187 323 368 392
9 0 16 22 30 33 41 45 47 64 75 76 81 83 92 94 102 104 117 144 172 176 177 192 194 195 196 197 199 205 209 213 216 220 221 226 229 234 241 245 253 255 265 267 283 299 317 325 331 349 363 365 371 383 385 388 393 401 402 408 411 418 444 450 454 458 461 462 463
10 35 59 159 206 236 259 289 302 349 365 415 446
11 35 188 245 352 370 423
12 7 40 76 131 346 396 421 435 457
13 1 5 35 62 72 76 78 86 125 131 139 161 174 189 214 227 241 249 274 293 303 312 313 325 331 342 350 369 378 395 415 427 432 435 441 442 458 460 461
14 28 44 122 128 141 149 180 181 264 280 334 353 396 400 406 429 452
15 63 92 100 204 210 221 223 253 259 261 265 350 379 387
16 0 3 6 15 33 82 110 147 149 178 189 251 370 399 402
17 61 62 75 84 90 203 224 240 244 293 308 338 349 354 378 383 390 463
18 95 100 187 210 238 253 256 265 321 374 413 452
19 80
20 20 35 45 65 69 73 93 98 99 103 105 111 122 123 131 156 179 184 185 207 212 213 224 240 243 246 247 263 267 271 279 302 304 308 309 312 313 337 364 376 388 395 422 449 453
21 2 7 21 28 43 62 78 82 86 90 110 181 201 237 242 255 290 303 317 320 390 400 405 409 419 427 441 451
22 18 32 36 37 64 65 87 99 126 127 131 135 155 156 164 174 176 178 226 230 238 244 261 273 297 317 327 329 361 365 372 374 379 403 416 423 430 435
23 27 40 163 210 215 350
24 1 22 38 39 43 46 49 143 144 151 174 271 298 300 303 322 357 426 428 453
25 80 211 274
26 187
27 40 66 100 153 211 217 222 243 256 396 405 451
28 0 49 140 150 213 221 269 279
29 74 112 132 166 188 221 234 258 261 265 271 317 322 325 368 378 382 387 400 455
30 19 30 40 49 78 84 92 112 131 149 160 201 205 216 220 227 243 259 331 350 372 379 389 390 392 395 397 411 434 457
31 15 39 53 54 75 147 179 243 256 275 280 285 291 302 313 362 388 420 428 435 463
32 59 61 157 206 228 231 265 407 415 419 422
33 23 60 61 92 96 110 115 149 189 201 211 289 328 355 374 417
34 61 76 150 233 292 298 315
35 22 90 247 269 302 405
36 6 18 32 42 48 109 120 144 150 216 221 230 298 316 352 359 408 453
37 12 51 87 98 99 178 231 238 341 372 375 407
38 17 22 31 36 37 54 87 94 99 118 120 137 138 143 147 151 187 192 206 233 240 244 265 273 324 370 450 452 460
39 15 36 39 92 100 115 131 144 155 160 164 242 248 274 279 324 331 369 371 390 394 403 417 452
40
41 45 75 105 226 271 274 288 338 371 386 415 444
42 81 92 153 170 265 315 371 451
43 53 59 66 86 92 181 191 216 251 256 264 269 286 309 325 342 361 373 398 453 457
44 66 71 187 204 208 243 283 295 303
45 122 159 194 342 423
46 53 73 108 131 296 358 370 423 446
47 22 41 42 49 58 63 64 69 70 78 83 95 97 100 104 120 128 151 166 172 176 177 187 195 199 206 210 211 221 240 243 248 253 262 267 279 281 290 293 294 310 313 322 327 342 360 370 385 393 394 399 413 415 420 449 452 454 463
48 48 162 262 447 464
49 74 83 96 115 196 202 350 362 379
50 89 131 156 170 201 205 369 392
51 15 160 205 292 394
52 33 99 105 124 220 235 236 255 266 293 308 314 315 378 400 418 426 432 447 453 456 460
53 10 35 73 106 112 244 296 309 396 446 452
54 12 30 61 66 91 153 169 201 346 388 419 451
55 9 18 20 27 32 42 53 80 111 131 133 143 144 145 151 158 169 176 183 191 206 224 227 245 255 277 293 302 313 328 333 347 362 373 376 386 391 392 415 426 428 438 439 457 460
56 80 113 131 159 205 308 374 426
57 0 21 30 32 51 57 60 68 92 94 131 151 166 184 189 222 231 236 244 251 271 274 277 280 288 301 306 335 344 370 384 386 390 393 394 396 399 415 427 433 434 439 447 457 459 461
58 16 46 51 109 141 272 327 328 334 360 369 422 433 464
59 12 33 52 71 76 90 105 122 191 201 221 228 238 270 273 309 346 392 410 435
60 16 86 89 112 125 148 166 173 181 260 268 281 282 289 290 309 351 368 393 418 426 431 441
61 10 44 71 74 113 173 191 211 259 266 295 309 377 390 397 402 417 440 451 461 464
62 5 42 54 81 94 230 261 321 322 346 384 388 403 410
63 63 96 187 216
64 28 30 48 64 182 189 191 216 292 454
65 57 90 116 127 131 156 163 187 244 281 297 316 324 328 365 370 390 402 426
66 113 346
67 7 12 16 39 40 54 62 95 106 133 144 182 216 298 308 334 403 413
68 11 18 60 65 68 72 74 76 99 100 129 133 182 191 226 228 236 240 259 260 271 281 284 339 362 368 387 393 395 398 409 418 437 454
69 21 28 42 45 51 58 62 67 71 78 79 99 106 144 146 147 166 167 169 174 181 206 239 244 257 268 280 283 293 297 303 305 311 319 345 347 378 391 400 426 433 437 453 458 459 461
70 10 89 160 370
71 302 317 357
72 50 51 52 53 72 79 91 101 103 109 136 139 150 180 213 214 222 224 236 239 244 250 267 275 288 303 305 313 326 357 368 371 372 378 405 406 439 441 448
73 144 174 379 446
74 111 133 136 174 191 244 248 297 321 325 334 355 365 369 400 419 439
75 15 48 58 64 67 76 83 89 129 135 163 172 190 218 308 328 343 361 378 444 451 464
76 48 92 160 178 325 400 403 464
77 19 46 52 65 72 80 119 161 174 189 196 213 229 250 252 255 262 264 269 274 284 293 319 344 357 362 364 378 383 385 391 395 405 417 437 449 455
78 0 5 7 14 15 18 22 27 29 30 36 43 68 78 88 90 91 93 94 101 103 125 133 134 141 157 158 160 166 176 194 196 200 203 210 214 216 239 243 244 247 253 254 266 290 298 303 309 313 323 335 347 351 369 386 392 394 404 406 413 417 419 422 426 436 449 451 457 460
79 0 23 44 51 53 54 72 127 153 160 191 214 266 309 328 350 366 397 412 418 427 460
80 66 71 153 280 346 411
81 4 18 27 32 61 64 113 131 132 210 211 238 286 297 322 340 347 371 387 399 405 415 438 440 454
82 90 226 317 390 430 431
83 87 98 122 128 134 144 153 160 172 218 223 231 311 322 324 349 360 371 393 409 413 421 458 462
84 6 23 108 133 143 151 174 216 233 283
85 23 56 109 128 200 233 249 266 328 344 454
86 16 51 93 244 351 375 394 405 406
87 182 194 253 346 372
88 30 132 159 272 344 455
89 0 12 27 39 40 44 66 89 127 130 152 153 181 188 216 222 240 251 280 292 293 311 316 323 326 342 346 347 351 355 370 371 379 390 397 399 400 405 409 410 412 441 447 454 455
90 29 42 88 89 112 130 161 178 228 239 247 248 253 255 260 270 289 293 298 311 317 324 357 360 378 399 401 410 426 437
91 0 7 21 30 45 49 90 92 96 99 115 122 160 272 294 301 325 342 347 361 379 384 390 396 412
92 40 92 173 205
93 0 25 153 224 240 325 336 417 461
94 15 74 121 187 221 242 270 321 342 413
95 157 230 335 374 387 407 419 454
96 52 84 85 100 314 361 411 447 461
97 1 42 52 64 84 99 116 128 129 159 161 178 205 227 242 269 303 313 315 320 331 369 372 390 391 413 427 428
98 64 89 169 230 231 245 372 374 390 419
99 32 54 68 75 90 98 108 115 118 131 160 298 335 346 374 387 407 419
100 10 35 53 68 90 384
101 6 19 65 167 203 234 237 284 366 367 368 396 437 440
102 15 22 53 71 74 90 121 136 176 234 267 288 347 357 368 374 377 380 394 399 418
103 1 5 15 43 46 88 105 113 146 221 228 361 366 371 372 426
104 4 5 15 43 64 68 83 94 128 132 157 172 176 231 253 263 265 303 374 378 393 413 454
105 18 37 44 85 160 189 236 238 281 293 315 328 351 375 381 439 452
106 6 131 137 151 243 296
107 17 53 61 85 150 178 213 228 236 246 260 261 264 303 313 315 328 347 355 364 371 377 395 404 405 413 432 434 455
108 213 216 234 443 446
109 6 40 116 124 128 150 187 222 243 290 455
110 18 149 189 274 417 435
111 0 7 12 42 49 51 69 70 72 79 89 110 119 122 131 156 168 172 196 202 203 238 240 280 302 308 310 323 344 353 376 379 380 388 396 406 411 413 419 420 421 447 460 461
112 18 19 53 74 113 116 124 144 157 166 194 216 228 242 248 258 260 340 342 368 371 382 417 418 435 453
113 51 166
114 0 28 64 83 144 148 221 249 302 309 315 369 378
115 46 51 70 96 111 122 149 157 195 201 289 303 383 417
116 27 56 335
117 4 45 53 61 63 110 122 126 130 131 135 187 189 195 233 238 274 292 335 347 383 398 410 447 451 461
118 7 32 51 95 156 174 185 188 210 243 272 273 302 335 350 359 364 387 419 430 447 457
119 30 90 209 222 288 323 392 435 447 457
120 6 53 91 113 122 131 132 146 165 173 180 189 203 224 316 320 323 328 354 375 399 408 433 449 452
121 12 21 34 47 54 56 64 71 116 178 180 228 233 239 321 339 371 394 397 426 461
122 110 144 244 321 322 370 373 380 410 413 434
123 0 4 10 14 15 19 22 25 29 30 31 33 36 39 43 45 48 49 58 64 67 78 79 81 83 86 87 89 90 91 94 101 102 110 113 115 121 122 123 129 133 135 137 138 139 157 160 163 164 171 173 177 180 182 189 190 194 199 204 208 211 217 218 220 221 222 225 226 228 229 236 238 240 245 248 251 254 255 265 267 268 273 276 277 279 287 288 289 293 297 308 309 310 316 320 328 332 338 340 343 347 348 350 353 357 359 360 363 367 370 375 378 379 380 382 383 387 396 398 399 406 407 409 410 412 413 415 422 426 427 430 440 446 449 456 457 458 462 464
124 19 52 205 325 379 447
125 12 30 120 140 146 153 160 202 221 222 260 286 306 308 315 350 394 407 414 433 461
126 92 98 99 133 135 153 164 238 336 381 400 404 422 434
127 69 93 128 136 161 165 186 187 200 203 208 224 234 260 281 367 368 394 397 398 407 435
128 12 15 27 36 39 54 67 71 76 85 92 94 103 120 127 128 131 167 180 184 216 217 221 247 258 324 367 413 447 456
129 22 40 51 68 90 115 184 188 238 273 313 336 375 378 379 451
130 11 98 122 164 165 173 177 185 195 213 241 292 341 376 377 378 398 399 426 439 443 457
131 15 17 30 43 52 67 84 85 104 112 116 122 128 131 151 153 155 161 164 167 174 179 180 191 198 206 216 224 233 240 253 256 281 285 298 302 315 324 333 335 348 354 357 364 367 375 376 381 382 384 387 390 413 417 434 435 446 451 454 460
132 4 6 33 64 124 187 201 223 233 286 372 387 448
133 44 56 144 166 261 281 292 323 349 431 452
134 9 18 30 34 46 48 55 62 115 164 254 257 290 302 303 314 325 334 342 350 378 400
135 138 153 240 274 314 323
136 54 71 76 81 84 86 102 187 196 200 355 368 372 402 405 460
137 57 115 185 446
138 18 64 104 161 372 398
139 21 30 36 44 48 57 97 121 125 161 174 176 187 203 243 248 277 280 292 303 342 354 378 412 413 424 427 450
140 62 171 188 249 361 451
141 5 28 33 37 86 109 122 157 180 196 221 224 249 251 292 347 370 378 405 406 412 429 447 457
142 98 273 342 463
143 9 47 62 67 93 97 104 129 163 172 177 192 209 292 294 313 349 362
144 6 15 16 28 30 42 63 84 96 98 112 113 150 161 163 164 200 207 216 240 273 279 320 354 359 379 390 399 413 419 434 461
145 15 22 24 33 38 63 72 83 118 128 129 131 148 172 174 177 182 192 200 201 240 242 264 333 349 366 378 383 405 411 421 449 451 454 462
146 0 51 151 187 201 308 310 325 374 412 435
147 0 1 21 51 57 84 107 110 119 131 133 137 139 151 153 155 160 174 210 214 228 243 263 266 274 302 316 328 342 350 357 397 411 452
148 88 109 141 166 194 222 223 328 368 377 390 394 408
149 23 82 172 292 403
150 0 6 32 296 398 401 447
151 1 30 39 43 46 49 52 57 58 67 90 143 153 174 210 217 223 229 264 276 277 292 298 303 335 342 357 384 390 391 392 398 399 400 407 427 446 454
152 315 447
153 7 18 30 33 49 61 91 111 115 122 160 165 187 201 210 211 224 263 265 301 309 327 353 372 390 433 455
154 18 42 49 54 95 105 106 117 152 161 187 189 203 222 246 298 309 355 390 409 417 424 445
155 28 32 54 70 96 115 118 263 265 269 273 332 404 413 422
156 6 30 48 56 70 99 115 126 155 164 228 265 308 365 381 404 422 430 452
157 11 30 50 59 68 78 93 131 132 163 168 187 200 205 210 233 243 341 346 347 352 361 365 366 395 397 429 434
158 53 84 113 167 178 225 317 347 370 437
159 224 263 324 337
160 5 44 126 204 236 253 270 274 296 341 390 433
161 22 30 44 125 131 152 165 216 240 258 283 284 372 395 419 441 457
162 9 14 18 22 32 68 69 77 78 89 104 131 145 156 176 192 195 219 228 241 264 274 282 302 330 332 361 362 381 404 430 434
163 19 49 53 58 73 92 100 130 135 167 180 186 214 217 236 290 292 330 336 343 350 353 354 357 366 378 391 400 448 451 458
164 2 26 32 63 73 99 108 113 115 119 126 207 210 259 274 320 332 335 353 403 412 436 443 452 457
165 31 71 187 205 213 216 228 281 284 302 331 379 390 398 406 439
166 16 103 105 120 131 133 136 140 141 180 189 233 236 240 299 302 311 315 316 374 387 390 406 413 429 439 456
167 0 33 36 80 81 95 133 144 153 178 186 196 201 214 217 225 228 242 253 272 290 326 345 347 360 369 390 405 408 409 413 432
168 4 11 62 81 205 249 296 302 352
169 11 20 22 30 31 34 40 43 47 52 53 55 70 78 96 103 111 114 121 122 126 129 144 146 174 183 185 198 206 212 224 230 256 257 263 280 285 304 305 313 331 347 354 357 383 388 400 401 402 434 435 458 459
170 25 54 79 84 126 147 177 193 244 252 253 267 285 291 320 332 336 339 344 366 386 394
171 78 103 205 224 249 451
172 4 22 43 81 94 95 105 112 120 124 132 135 138 194 223 225 226 247 264 325 328 368 374 379 393 394 400 418 448 458 464
173
174 7 9 12 32 37 38 49 54 56 70 74 110 111 118 120 121 124 128 151 153 156 157 166 168 177 187 189 203 212 216 227 237 238 242 244 261 270 303 309 323 335 350 369 371 374 388 390 397 410 412 414 447 457
175 40 46 73 211 377 396 423 446
176 7 18 33 37 54 64 74 81 87 122 210 261 327 360 365 369 371 372 378
177 1 15 33 48 54 56 63 78 87 90 112 115 118 128 129 132 137 151 163 188 194 210 220 223 259 261 265 274 287 288 300 310 313 337 338 339 348 362 369 380 391 392 400 415 418 423 430 435 439 449 453
178 7 30 56 71 174 187 205 209 226 231 234 270 281 292 313 326 342 345 347 354 372 398 406
179 54 210 233 251 274 303 309 354 404 427 440
180 27 51 53 93 111 258 301 306 309 328 331 350 372 411 415 431 453
181 0 23 44 85 133 141 157 227 260 266 292 323 334 372 390 429
182 73 201 302 372
183 9 15 17 19 31 38 40 111 119 171 192 205 210 212 224 227 247 263 264 267 270 282 285 304 314 331 333 337 340 362 369 411 419 420 457
184 15 30 36 53 54 62 82 85 92 99 114 116 127 131 156 159 165 176 207 210 215 245 251 272 301 303 361 394 413 416 429 430 432 453
185 9 13 17 18 28 57 70 72 76 111 144 160 172 174 178 186 187 198 201 203 205 206 212 233 240 249 263 267 269 274 289 293 296 302 304 310 323 328 330 333 334 336 337 341 342 346 348 352 358 359 362 373 376 389 394 401 411 420 428 434 449 454 456 461
186 27 44 85 118 171 175 229 263 283 365 379 457
187 1 85 122 131 170 308 373 374
188 0 15 58 126 153 166 296 336 449 461
189 38 53 82 106 137 149 183 240 342 346 354 422
190 64 104 178 200 230 242 349 362 368 411 447
191 4 9 75 163 189 266 309 325 341 352 369 372 403 447 457 460
192 22 44 47 73 83 91 94 116 137 172 174 176 195 201 238 274 287 326 373 392
193 42 52 72 83 147 171 234 252 281 351 364 395 415 421 434 449
194 30 42 64 74 151 174 248 253 322 325 372 409 454
195 4 6 10 22 28 33 36 45 54 62 64 75 81 83 90 92 104 119 128 144 158 172 195 197 218 224 226 229 241 243 262 268 286 295 310 311 331 344 362 370 379 393 399 408 424 450 454 463
196 16 53 54 122 153 173 260 281 320 331 368 369 374 394 399 435 457 458
197 3 65 68 75 90 102 105 125 164 180 206 209 210 229 230 231 241 262 268 313 360 382 394 399 408 411 418 444 455 456 463
198 112 142 272 290 354 372 380 442
199 36 172 174 190 216 228 321 386 398 415 458
200 30 50 205 260 292 397 403 406 417 419
201 10 30 315 363 390
202 5 30 40 43 51 52 58 59 60 67 74 78 90 121 134 173 174 191 217 238 244 283 289 292 293 298 303 309 342 371 386 411 434 461
203 4 56 93 121 200 212 233 340 370 397 440 458
204 11 168 201 221 296 349 352 384 395
205 46 69 160 169 201 249 273 354
206 1 18 56 57 131 137 139 144 147 151 201 215 247 267 274 276 290 295 300 323 337 357 376 380 402 408 415 447 459 460
207 5 7 33 51 61 153 171 210 216 228 244 301 361 390 399 426 436
208 73 434
209 4 16 52 62 75 90 94 104 152 184 190 199 211 217 299 301 330 343 390 398 418 447 458
210 160 180 189 265 279 293 341 416
211 40
212 7 9 13 14 17 31 32 33 95 115 131 150 163 206 256 270 277 280 282 294 304 337 348 386 400 414 416 420 432 435 452 458 461
213 0 38 46 59 67 73 83 85 90 93 97 100 104 110 122 133 139 161 163 184 244 250 274 290 292 296 299 310 325 328 331 338 339 342 348 349 362 375 381 388 398 401 411 422 427 430 434 459
214 20 30 61 62 71 78 122 125 126 137 231 253 263 266 283 293 320 342 361 391 405 409
215 342
216 9 20 51 56 74 113 137 236 242 317 326 331 447 461
217 0 21 30 39 40 53 61 74 89 127 136 144 178 225 233 234 236 242 270 281 290 295 308 311 324 342 347 351 354 381 398 400 403 405 418 449
218 12 62 67 185 211 346 390 434
219 9 18 22 131 143 242 264 295 330 332 335 378 394 404 430 450
220 30 134 137 166 184 253 449
221 35 90 92 239 245 266 328 359 372 454
222 247
223 5 144 151 210 239 359 374 392 395
224 8 10 17 20 21 29 33 38 43 47 57 70 78 79 82 91 94 111 112 114 118 131 135 137 151 153 161 167 176 185 191 193 210 213 216 220 221 224 231 236 237 245 248 250 257 262 266 274 276 285 299 301 302 304 313 316 322 332 341 343 347 359 362 364 365 372 385 388 393 397 398 408 412 416 418 429 435 447
225 19 59 84 159 194 236 284 285 308 313 367 371 419
226 18 30 90 94 122 144 176 178 182 203 210 221 224 230 247 261 293 311 321 325 327 353 365 372 377 387 394 416 452
227 50 51 57 79 243 244 319 336 337 415 441 443 447
228 72 93 461
229 3 6 7 29 41 44 45 52 53 59 60 65 82 94 99 101 109 115 118 119 121 132 135 144 148 150 161 172 191 201 202 226 229 242 250 258 260 271 289 316 317 357 363 371 382 385 386 401 418 424 430 437 439 440 447 449 450
230 53 68 283 340 407 419 438
231 121 230 265 325 407 419
232 7 13 21 43 44 47 62 72 78 79 121 131 151 153 163 193 201 203 212 213 227 240 243 244 251 266 274 285 295 299 304 307 312 333 337 346 347 362 364 372 373 384 389 390 411 427 441 442 444 445 449
233 19 23 40 61 98 115 124 200 215 227 292 300 303 350 366 379 426 435 440
234 0 16 20 27 76 86 93 161 188 196 203 240 324 368 369 379 387 394 397 399 404 405 456
235 6 52 56 85 91 105 107 115 131 164 210 236 243 245 246 259 281 307 314 315 323 351 372 402 421 432
236 10 30 40 50 59 78 84 85 93 99 109 113 115 120 121 122 125 153 159 160 161 175 187 206 236 239 264 279 296 318 342 354 369 371 372 398 412 433 441 453
237 28 84 91 153 222 279 301 306 309 314 320 390
238 4 27 75 95 99 118 137 210 230 231 335 372 387 394 403 407 419 457
239 27 51 53 56 93 249 390 403 417 433
240 2 20 22 29 30 35 43 44 50 51 54 59 60 67 68 69 70 73 78 82 86 90 92 93 96 103 106 114 139 140 147 151 163 169 170 174 186 187 202 223 244 247 248 260 263 265 266 271 276 293 298 305 308 309 312 323 350 359 360 361 378 391 401 402 405 410 411 412 415 432 434 451 452 457 458 459 463
241 5 9 19 22 27 31 32 35 40 45 48 50 52 53 54 57 59 65 66 74 75 78 81 92 95 96 98 102 104 113 118 121 122 123 124 126 128 132 133 135 141 144 152 153 159 165 166 171 172 178 181 182 184 196 200 207 209 210 223 226 230 231 242 252 253 255 263 264 266 272 277 285 287 289 292 294 308 311 312 313 315 318 319 321 322 324 326 327 331 343 352 354 355 356 358 364 365 371 374 375 387 389 390 391 402 407 408 411 412 419 423 426 434 438 439 443 452 453 454 456 463
242 51 76 86 127 141 144 153 171 182 201 205 223 234 275 315 316 328 370 399 464
243 3 8 13 23 30 34 36 49 60 77 83 91 97 105 112 128 131 136 140 151 163 164 170 174 183 187 196 198 201 210 233 236 237 244 289 294 295 302 303 308 310 312 314 326 336 344 373 374 378 379 381 384 385 392 394 398 420 421 435 442 456 459 461
244 21 53 70 79 80 95 106 146 212 227 230 233 240 260 263 302 328 347 381 390 394 397 454 457
245 0 29 33 49 80 100 130 227 230 292 369 399 419 426
246 0 117 137 165 289 306 361 373 427 430 435 461
247 37 71 84 136 157 161 165 175 208 221 231 242 255 260 290 326 328 347 360 399 413 431 440
248 36 43 49 53 63 69 116 131 144 187 210 221 264 311 325 365 368 387 451 457
249 169 263
250 0 14 16 33 44 53 56 60 62 65 68 71 86 90 92 98 99 101 102 116 127 137 138 147 148 153 167 168 174 178 184 200 203 217 233 234 239 242 260 263 267 270 274 279 281 289 292 299 309 311 313 317 319 323 324 334 339 347 349 354 368 369 375 378 380 383 391 401 402 405 414 428 437 440 453 458
251 20 201 222 292 398 444
252 92 136 160 202 213 265 285 308 338 360 364 367 378 381 392 395 398 418
253 90 325 332
254 7 18 34 43 44 80 92 120 121 153 154 160 188 216 235 248 249 251 284 289 330 341 342 360 388 397 399 433 452 456 464
255 14 41 50 51 65 71 76 86 90 93 99 105 120 134 141 150 153 166 170 174 195 213 235 236 243 255 270 280 293 298 299 308 315 350 360 368 370 392 396 397 400 401 410 430 432 434 437 456 459 461
256 44 54 150 160 181 198 220 233 240 250 263 274 285 290 351 375 390 391 406 434 435
257 20 28 31 46 49 50 59 64 111 115 129 153 170 183 185 186 200 211 212 214 256 263 266 274 275 302 303 304 307 311 323 324 337 367 368 371 373 376 378 379 410 411 420 437 444 449 461
258 3 18 23 81 86 134 178 215 217 258 324 331 340 354 371 382 412 413 417 451 457
259 84 292 374 387 412
260 292 387 392 434
261 18 32 44 54 99 164 171 180 208 210 238 253 320 329 365 374 387 397 434 452
262 5 23 36 46 57 62 66 69 98 102 104 119 144 151 173 174 175 208 211 243 267 285 293 316 337 380 396 401 402 403
263 0 5 25 27 43 51 54 62 68 71 78 79 89 96 105 128 131 156 187 189 202 203 210 217 249 258 263 292 303 305 317 356 360 375 381 404 406 413 431 449
264 28 49 79 204 233 269 402
265 126 187 265 372
266 3 9 10 11 14 15 24 36 38 53 54 55 57 62 67 70 83 98 100 115 119 140 143 144 145 146 158 161 162 166 167 169 171 175 177 182 183 184 188 195 197 201 204 205 212 213 214 250 262 264 266 269 273 276 278 287 290 294 296 304 306 308 333 358 361 374 380 384 385 395 413 423 425 430 434 441 445
267 6 18 30 33 62 64 78 129 133 210 221 234 245 259 261 264 270 292 300 303 327 330 357 371 401 402 405 410 415 424 439
268 6 16 42 65 109 118 124 150 152 159 178 180 222 223 242 317 365 394 406 408 418 435 443
269 30 53 361 373 403 427 446 451
270 0 22 32 37 61 87 90 116 125 127 136 187 212 242 245 247 314 355 397 409 430
271 3 16 32 58 65 80 81 87 88 112 120 136 159 163 166 171 189 203 225 253 258 274 297 309 358 360 361 371 372 378 395 413 418 438 441
272 5 30 48 56 76 123 335 359 409 411 451 457 464
273 11 61 100 168 204 212 226 296 384
274 0 4 5 22 39 51 56 57 60 62 64 66 69 76 103 106 112 114 131 134 139 151 153 157 160 161 166 172 181 201 213 214 217 221 238 239 240 242 243 244 253 259 276 292 293 305 306 309 310 334 350 354 373 375 390 408 411 427 431 435 449 455 458
275 242 377 384 392 410 435 457
276 4 20 21 22 37 49 69 85 90 95 96 103 122 125 132 134 139 141 146 157 174 183 201 202 203 210 214 248 258 272 283 290 292 300 316 320 327 330 341 346 360 365 369 371 372 373 388 389 398 403 407 409 410 421 447 459 461 464
277 1 5 7 21 22 68 81 92 98 137 153 169 187 238 242 256 303 347 372 373 387 388 395 426
278 9 19 22 31 36 47 52 60 65 67 76 77 87 92 95 97 118 125 129 143 145 147 149 151 158 162 166 167 177 178 180 183 187 195 197 199 206 213 219 224 229 232 240 243 250 255 256 262 268 282 289 294 295 298 299 305 307 310 311 313 314 317 328 333 337 342 344 362 363 367 373 376 383 385 389 391 394 399 401 405 411 415 424 430 432 435 438 439 445 449 450 456 461 463
279 28 30 49 57 71 84 93 120 122 125 150 166 239 240 246 297 301 331 353 374 399 426 431 433 438
280 39 44 65 84 91 122 133 144 153 160 187 201 236 237 238 243 245 279 298 301 306 311 324 342 345 360 366 369 375 388 409
281 30 53 56 61 71 95 121 128 150 151 168 187 200 203 233 251 260 269 335 369 394 409 414 440
282 0 9 18 22 32 47 74 92 94 95 104 119 138 143 145 172 219 224 226 231 238 243 261 291 321 332 335 342 362 374 418 444
283 6 10 27 81 171 266 283 337 368 377 447
284 19 59 189 228 258 347 351 461
285 102 216 228 243 244 271 274 289 300 319 342 343 364 458
286 84 347
287 14 67 90 156 174 218 233 264 300 441
288 42 53 244 303 386 395
289 1 36 44 51 78 121 133 160 216 222 269 271 284 298 311 317 334 347 426 464
290 0 28 46 70 115 140 188 236 273 296 302 408
291 224 244 285 367 390
292 7 13 17 44 54 71 122 221 283 309 313 341 346 351 397 410
293 1 11 15 33 44 46 60 66 79 80 84 85 86 94 105 110 117 122 133 153 154 166 178 183 187 201 203 225 233 235 236 245 246 254 268 284 298 304 314 315 317 318 336 340 342 345 392 394 400 406 414 421 431 437 447 451 455 456 459
294 7 97 129 153 180 213 214 218 243 310 313 323 359 387 403 412 460
295 27 52 72 93 122 131 146 156 157 163 166 170 177 201 203 213 214 221 227 240 241 252 256 261 280 289 294 300 311 312 317 323 338 357 366 376 378 389 390 398 399 400 415 431 455 460
296 427
297 0 25 61 109 113 121 126 137 147 222 260 296 372 440 455
298 14 23 28 33 54 70 84 85 88 91 99 100 101 106 116 122 125 127 130 134 144 166 173 174 186 226 230 254 265 296 298 305 317 323 324 326 367 368 370 378 400 409 411 413 451 454
299 7 16 59 82 90 105 120 125 131 153 157 175 180 196 205 221 242 245 284 303 309 314 315 341 342 347 351 372 402 408 426 428 449 457
300 7 16 29 32 33 53 56 60 69 78 84 89 90 99 106 107 122 127 130 158 182 202 203 211 240 242 247 265 270 279 284 292 297 311 320 341 352 355 357 366 372 394 401 402 410 447 461
301 43 113 122 169 233 309 392 457 464
302 0 62 68 100 140 171 178 180 186 201 238 258 331 361 421 424 434 446
303 30 44 52 64 66 67 68 105 107 113 114 117 121 166 171 174 177 181 203 218 236 238 257 266 279 292 298 302 323 324 345 346 349 357 359 370 374 378 392 399 407 415 434 448 458 464
304 17 21 24 31 37 57 69 70 111 112 117 119 125 128 147 164 179 198 206 212 229 240 243 250 256 273 279 306 335 337 339 347 354 368 369 373 378 383 388 390 405 409 420 431 434 435 438 445 446 451 461
305 58 78 87 106 173 174 228 256 261 263 298 301 302 337 343 356 378 390 411 435 451 458 459
306 30 53 84 91 115 116 122 153 160 174 251 253 258 259 270 283 301 308 331 379 386 392 395 403
307 13 28 131 163 170 174 181 216 243 244 312 373 394 429 445 447
308 6 10 18 21 84 106 121 151 204 216 260 373 396 426 447
309 38 55 57 65 69 76 85 131 144 163 206 242 309 390
310 9 18 39 47 54 91 95 97 120 126 129 144 163 174 184 220 236 237 242 245 247 250 263 274 279 280 306 317 324 336 338 342 349 362 391 411 415 428 429 434 449 452
311 0 18 19 23 30 36 37 110 116 123 133 146 150 153 171 174 187 194 222 227 238 239 242 247 253 270 281 284 324 345 347 369 397 410 417 430 432
312 29 50 71 72 80 99 119 128 170 181 196 214 220 227 240 244 249 252 277 291 293 304 319 331 334 336 342 344 352 357 366 415 426 441 442
313 28 32 63 80 122 245 253 283 304 403
314 30 32 56 64 98 105 107 151 153 156 174 187 238 266 309 313 315 421 438 447
315 34 61 87 93 115 118 137 187 221 298 301 364
316 152 323 371
317 0 65 74 86 112 114 152 178 216 217 270 271 284 297 340 341 347 363 375 392 394 395 408 421 426 429 431 447 450 455
318 18 51 70 98 99 108 180 207 228 269 331 353 370 381 449 457 458 463
319 87 91 109 131 150 233 239 272 303 308 315 320 347 353 390 461
320 2 46 62 108 110 121 187 207 266 286 318 331 354 370 379 422
321 61 132 201 230 231 259 391 409 454
322 72 78 182 211 398 411
323 40 46 54 56 113 119 131 177 186 189 211 281 283 292 346 359 370 377 392 451
324 0 15 16 61 71 76 95 193 229 233 243 251 326 347 361 369 384 402 413 416 439 440 461
325 69 71 90 98 122 317
326 32 54 161 239 243 284 309 347 390 411 434 439 452 457
327 18 25 32 68 95 98 132 137 253 259 261 365 374 387 452
328 328
329 51 76 160 228 379 405 426 433 457
330 7 91 126 404 422
331 93 195
332 243 373
333 0 1 9 24 38 44 53 114 117 137 147 151 153 160 174 180 183 192 206 209 221 247 263 268 273 277 298 352 368 372 391 398 457 460
334 6 37 132 133 153 272 324 429
335 32 51 70 131 146 230 231 387 407 412 419
336 22 30 35 50 63 76 81 177 295 365 411
337 13 19 31 68 72 90 111 131 170 236 244 250 251 256 263 275 285 293 313 317 341 354 364 373 394 420 461
338 30 43 53 191 202 238 239 247 279 324 339 367 394 413 454
339 15 34 42 65 135 200 242 331 342 346 394 418 444
340 61 140 159 160 461
341 54 66 70 76 121 151 160 176 185 192 194 220 226 267 274 281 332 341 346 367 387 389 394 434 435 447 459
342 0 25 74 84 85 86 87 93 107 127 144 153 168 174 194 203 216 222 244 248 261 304 311 345 366 367 368 379 394 396 397 398 399 413 421 447 451 457 462
343 43 52 60 67 76 78 86 90 103 105 122 174 185 189 202 226 263 270 316 340 369 386 407 411 412 426 431 435
344 8 19 72 76 80 102 103 136 151 153 193 213 227 252 271 281 285 305 325 331 343 364 367 368 378 385 397 405 415 418 444
345 79 85 133 170 216 244 388
346 89 218 253 260 263 394 398 452
347 19 40 137 140 271 379
348 16 22 57 61 68 78 90 91 93 116 150 156 196 201 216 217 236 247 271 274 331 339 342 347 354 360 375 390 394 398 411 413 428 447
349 1 15 16 78 92 94 96 128 167 176 267 290 297 321 325 369 399 402 413 426 428 439
350 0 20 27 35 66 160 171 191 203 279 293 303 310 341 411 461
351 9 144 355 432
352 30 151 188 266
353 98 99 108 118 140 153 311 329 361 412 434 436 452 457
354 151 257 302 325 328 427 461
355 313
356 5 12 22 33 43 58 65 67 68 78 90 94 134 186 188 201 217 272 283 311 342 353 368 373 400 401 411
357 43 67 89 92 114 125 130 137 148 166 178 181 187 191 202 203 208 221 290 298 311 316 319 325 345 351 355 392 406 410 437 441
358 11 53 100 168 188 204 222 249 273 296 341 352 384 434
359 56 283 296 379 453
360 6 11 61 76 93 95 100 160 222 238 248 297 341 387
361 10 35 46 53 100 108 112 113 204 205 273 358 401 423 434
362 15 43 158 167 178 245 250 261 267 273 274 303 346 348 361 378 382 383 410 437
363 22 29 33 44 56 60 62 90 92 93 102 104 112 136 159 194 231 243 247 250 258 263 268 271 298 303 317 322 369 371 374 386 394 414 423 438 444 454
364 21 30 33 60 86 90 105 116 177 191 203 283 289 293 317 319 357 367 388 395 411 426 459
365 18 37 56 87 118 137 157 253 265 266 331 372 453
366 52 79 147 204 244 292 310 354 390 405 434
367 61 64 137 161 196 261 284 378 387
368 23 33 79 91 117 159 161 224 239 264 281 308 309 331 355 365 405 414 419 455
369 30 34 56 61 63 99 133 149 151 157 200 221 222 238 272 317 342 359 369 372 375 387 397 407 414 426 453 460
370 52 108 202
371 3 25 45 69 84 98 101 152 174 214 222 249 325 365 438 441 455
372 224 274
373 13 36 52 53 60 68 72 77 90 93 107 111 119 131 144 153 158 160 163 189 193 214 217 224 228 229 233 243 256 274 275 277 281 284 290 292 293 295 308 311 312 334 343 344 354 362 364 370 374 391 430 435 436 441 442 445 460 463
374 49 84 265 350 419 424
375 0 6 84 92 93 120 331 379 398
376 91 121 141 163 179 205 213 227 256 289 290 292 293 298 317 321 338 359 374 403 419 435 437 447 461
377 21 46 135 417
378 19 58 61 64 65 74 101 120 136 144 148 157 165 166 200 210 213 225 240 242 244 269 279 284 293 302 311 323 341 345 367 368 405 449 461
379 120 160 187 222 238 452 453
380 27 54 56 59 65 67 89 90 96 110 133 152 163 175 186 208 218 240 247 251 267 270 283 287 289 300 311 323 326 349 350 374 377 379 393 398 401 403 411 423 427 450 454
381 70
382 3 159 218 297 322 339 340 371 387 440 457
383 15 49 67 90 101 128 158 167 220 230 236 247 270 316 319 324 361 369 378 405 437
384 11 35 106 131 168 201 296 342 366 371 434
385 21 22 72 74 75 101 102 127 158 167 194 213 225 238 240 250 252 268 279 303 309 310 326 347 362 378 383 390 411 417 431
386 3 29 45 88 101 112 148 187 189 265 271 332 371
387 51 73 231 308 346 372 374 384 407
388 84 118 213 216 449
389 15 31 52 77 129 148 153 222 255 270 292 298 307 308 309 312 342 361 364 370 373 374 450 451 457
390 35 43 53 80 84 106 122 153 187 205 243 263 350 365 387 399 410 419 423 459 460
391 2 7 8 14 28 36 49 52 67 74 85 90 101 117 118 134 140 148 154 167 202 217 235 237 239 246 248 254 255 280 289 293 298 303 305 306 311 392 393 398 400 411 421 428 447
392 3 15 33 34 52 87 117 125 154 174 180 187 236 238 249 315 370 446 447 451
393 18 27 36 40 42 45 64 67 81 94 113 144 167 176 187 194 196 201 210 218 313 324 378 379 399 413 422 431 437 453
394 21 25 27 44 56 66 91 92 125 161 177 233 238 240 244 279 289 324 326 331 355 369 381 394 412
395 6 67 84 116 174 240 308 321 370 379 390 457
396 73 116 290 309
397 30 162
398 15 43 53 147 161 180 200 201 216 233 292 302 325
399 15 18 44 56 186 335 346 403
400 43 53 58 81 85 107 117 118 140 141 144 153 154 157 166 174 210 235 236 246 249 265 279 280 293 299 301 314 316 319 371 388 392 394 408 411 421 447 456
401 25 29 40 62 74 99 178 186 211 216 226 289 292 293 323 431 454
402 34 68 174 382 397
403 82 108 139 173 224 251 292 451
404 15 30 111 137 191 203 223 228 308 332
405 70 115 116 120 121 153 201 203 204 222 233 239 267 281 308 350 369 414 417 433 439
406 91 153 187 202 279 303 331 351 370 375 410
407 146 205 242 317 354 372 419 434
408 6 87 118 132 150 201 296 303
409 48 76 92 171 253 322 335 359 419 454 464
410 61 69 130 131 153 187 211 248 251 279 325 410 417 441 443 451 452
411 18 42 54 78 85 90 93 104 107 116 122 124 151 166 169 172 189 191 196 214 217 226 261 289 303 317 334 342 350 351 394 398 405 430 450 451 461
412 44 70 101 106 171 187 213 222 242 243 283 302 373 390
413 5 15 18 23 48 50 76 90 135 140 174 261 272 283 359 379 381 392 409 454 464
414 0 19 61 110 112 121 144 150 203 208 228 308 402 426 436 440 457
415 14 90 113 134 157 170 202 209 241 247 255 328 342 343 355 391 401 411 418 435
416 187
417 23 66 104 215 325 372 395
418 6 42 74 109 157 196 228 270 272 297 313 342 366 372 440 461
419 50 70 75 99 131 146 202 204 224 234 253 287 308 337 346 384 408
420 44 68 102 131 147 198 202 275 280 285 302 325 342 388 424 435 441 445 449 460 461
421 18 21 37 73 91 107 108 116 120 136 137 154 159 161 165 166 171 189 216 228 244 281 330 345 346 366 369 375 377 388 390 392 410 452 462
422 70 160 265 381
423 263
424 0 6 28 32 72 84 98 126 148 151 178 186 189 222 271 285 303 362 363 386 419 434 438 458 461
425 1 4 8 20 39 54 55 64 78 81 91 111 121 131 132 162 169 174 176 181 184 185 187 188 189 206 212 224 233 243 245 257 258 263 266 267 290 296 298 302 304 333 337 349 359 361 374 396 398 410 411 419 420 430 433 453 461
426 44 70 137 187 189 216 266 292 336
427 1 16 42 50 59 90 121 144 160 186 201 233 238 248 260 268 270 290 305 306 339 353 369 370 371 403 440 449 451 459
428 3 14 39 42 49 69 82 91 95 122 128 134 144 157 201 212 217 223 243 247 253 271 329 361 369 397 400 417 426
429 28 76 153 157 240 390 434
430 7 35 69 70 118 126 155 164 238 320 330 332 379 381 404 414 443 454
431 45 110 112 113 211 239 251 283 323 331 398 433 457 462
432 7 32 61 85 120 194 200 201 354 448
433 0 9 84 98 137 171 204 325 390 391 409
434 57 71 146 166 182 188 263
435 17 72 78 118 120 137 170 177 179 190 200 203 214 263 264 271 285 302 310 354 378 388 392 393 411 426
436 26 108 122 147 253 265
437 4 33 37 43 46 133 178 196 212 265 298 301 319 344 368 392 404 408 417 418 427
438 35 40 54 57 84 159 160 178 313 322 340 359 372 416
439 136 149 157 296
440 87 111 200 253 397
441 22 50 151 185 227 244 309 335 337 441 452
442 46 50 61 69 72 76 79 131 159 210 214 227 244 268 296 303 324 336 339 348 373 375 417 441 457
443 26 30 171 259 298 412 453
444 60 62 89 190 213 216 225 230 288 364
445 13 28 77 79 87 104 139 141 150 152 155 163 185 191 210 214 222 241 243 244 246 252 274 295 335 336 354 357 376 391 411 424 427 442
446 423
447 53 76 93 105 117 153 154 176 177 216 230 244 263 279 292 306 323 326 403 431 433 458
448 3 76 85 124 308
449 7 20 22 30 49 74 115 122 125 132 133 167 184 185 213 221 243 244 245 375 398
450 3 104 174 362 363
451 13 52 71 74 106 201 293 303 309 317 346 352 438 461
452 28 68 91 121 210 221 238 309 329 337 443 457 458
453 53 69 92 113 122 182 322 372
454 92 187 265 281 325 359 388 417 434
455 56 76 137 146 266
456 37 49 85 107 115 225 235 240 355 366 394 405 414 432 452
457 0 22 51 62 70 78 92 93 122 146 153 187 230 231 253 346 376 405 412 419 426 436 443
458 5 14 43 78 94 112 119 133 134 166 202 253 263 303 305 309 334 335 343 346 347 350 394 406 411 415 440 449 454 461 462
459 5 12 52 59 81 105 110 137 144 148 171 236 249 261 290 337 351 411 413 429 440
460 1 7 18 21 57 85 90 137 139 147 151 164 177 213 240 258 261 272 274 276 277 310 324 328 331 361 398 447 460
461 63 76 78 91 97 100 131 139 151 157 160 174 199 217 226 249 256 269 274 287 300 338 342 345 346 388 405 430 435 457 460
462 0 61 138 214
463 12 41 81 90 102 119 131 149 159 199 209 220 226 229 230 238 241 247 271 289 300 309 341 343 363 371 386 411 415 424 438 444
464 10 40 174 267 357 384 392 444
