#causal_discovery_varlingam.py data/sp500_return_80.csv 1 sp500 varlingam
# GMT Sat Sep 28 19:02:40 2024
# 
0 33 60 114 136 190 237 241 283
1 201 388 414
2 86 392 403
3 32 67 83 139 202 241 273 293 360 370 377 420 443
4 102 161 324 350
5 16 17 72 223 245 318 386
6 12 33 55 63 79 97 106 107 132 201 209 265 280 308 387 440
7 28 64 102 183 308 340 393 407
8 8 29 209 250 257 301 377 394 403
9 10 29 58 119 127 141 173 226 275 303 392
10 6 7 11 49 67 107 116 121 137 163 176 194 197 210 231 260 268 272 276 307 309 311 330 347 353 364 373 407 417 418
11 50 71 91 121 134 144 179 261 297 338 360 385 407
12 0 7 28 35 77 107 139 143 221 250 262 284 301 308 365 414
13 94 126 145 376 434
14 2 56 64 87 128 138 139 145 149 150 160 173 174 195 209 210 248 280 288 314 315 326 354 361 378
15 9 15 33 83 147 160 170 194 218 266 296 338 369 423
16 20 26 49 78 84 89 113 114 119 126 173 174 189 198 217 221 232 236 253 265 271 278 310 316 318 320 322 325 326 333 335 337 342 344 353 354 362 384 404 421 433 439 440
17 27 58 63 71 245
18 18 161 189 207 236 266 364 370 394
19 42 45 103 114 142 144 146 164 189 215 225 228 282 287 318 342 363 370 398 418 434
20 62 125 139 173 196 218 250 265 304 337 341 408
21 117 178 212 370 377
22 44 293 353 356
23 67 359
24 6 34 35 66 89 97 126 175 191 206 212 216 253 321 324 370 374 375 376 377 383 387 419 440
25 47
26 35 52 74 84 99 108 122 189 221 228 236 244 320 321 373 386 440
27 79 129 441
28 219 229
29 284
30 78 129 141 198 292 313 349 365 388
31 3 10 17 22 27 55 58 63 66 79 90 105 122 135 171 197 203 205 206 207 208 218 223 236 246 251 261 264 276 313 317 319 332 343 348 351 357 359 365 368 372 376 387 401 408 415 418 419 426 443
32 24 219 261 263 264 273 279 386
33 33 48 114 137 223 267 273 301 316 416 424
34 6 27 28 44 60 90 99 102 133 134 139 143 154 161 175 202 208 237 255 259 273 280 285 318 324 359 389 393 396 403 407
35 99 102 107 108 143 177 202 218 283 308 346 358 377 414
36 66 83 93 99 122 134 143 149 174 191 195 200 232 259 276 294 373 391 392 394
37 6 9 17 21 26 49 64 88 125 162 176 218 242 255 266 271 333 343 354 386 392 408 426 427 433 439
38 178 192 218 283
39 56 72 94 98 187 202 209 223 226 266 277 286 298 304 416
40 6 13 20 34 56 61 71 80 107 113 139 140 159 187 213 218 264 300 302 358 369 377 394 432 440
41 28 44 77 161 181 192 221 250 253 260 272 280 283 285 324 369 381
42 68 69 115 123 143 168 195 303 304 363 398 413 416 424
43 42 48 64 81 129 145 150 203 248 253 261 291 350 369 398 428
44 28 136
45 2 40 42 68 92 127 144 146 168 197 209 269 313 330 363 367 398 434
46 0 2 94 102 118 127 139 143 148 163 250 278 385 394 414 438
47 24 26 32 37 78 86 92 97 122 126 133 137 179 192 203 205 211 235 239 261 272 291 293 323 351 357 358 359 371 374 376 383 387 419 421 423
48 48 99 196 287 324
49 38 74 94 95 119 139 218 253 255 261 271 292 298 299 308 318 320 337 340 381 395 407 442
50 1 99 127 170 171 178 238 391
51 4 11 47 101 105 113 119 125 192 194 204 221 246 251 293 294 314 326 353 354 363 368 380 395 404 417
52 16 18 25 26 46 47 87 95 126 130 156 174 184 189 198 225 253 258 260 278 299 300 312 322 333 344 353 374 425 434
53 258 291
54 108 127 231 234 361 386
55 0 5 44 53 64 70 132 202 253 263 266 291 370
56 44 80 154 318
57 28 114 130
58 27 79
59 53 61 129 137 170 177 202 218 233 258 301 318 358 371 373 376 386
60 2 12 22 41 43 79 93 102 107 119 139 154 175 179 191 207 210 236 244 257 258 307 326 335 347 356 385 440 443
61 24 27 32 43 44 56 92 139 308 342 389
62 78 103 301 316 358 365 430
63 377
64 21 227 262 279 308 358 377
65 20 49 52 87 95 134 136 139 164 180 184 190 215 217 218 221 225 266 287 318 327 330 346 363 372 403 404 438
66 56 189 264 293 370 423
67 66 97 162 167 192 213 221 231 244 253 257 267 283 297 313 318 330 353 381 387 444
68 32 123 154 214 248 403 413 416
69 66 195 377 392
70 9 100 158 226 231 263 274 301 307 316 377 392 429
71 3 202 203
72 34 53 74 83 91 114 141 148 224 228 252 253 340 418 423
73 7 16 18 21 26 37 40 53 65 84 91 105 108 139 165 171 180 189 195 203 205 233 236 261 264 271 299 312 320 325 334 335 341 365 369 377 387 390 391 421 431
74 268 298
75 16 18 26 33 34 56 79 105 126 135 140 143 167 171 196 215 235 240 255 280 291 303 304 307 324 325 334 355 369 377 404 423
76 116 183 218 224 257 266 282 385 394
77 22 34 35 44 46 56 74 107 143 189 203 250 287 365 381 386 389 414 438
78 0 23 34 77 83 91 97 113 125 133 158 167 189 190 212 229 279 293 326 330 340 385 388 395 423 440
79 176 238 422
80 70 308
81 91 142 221 325
82 129 210 212 220 291 305 309 312
83 97 190 203 267
84 21 57 121 136 269 271 291 318 431
85 12 29 38 63 103 107 316
86 44 81 85 86 139 196 230 325 363 392 428
87 4 32 33 57 80 116 164 177 190 201 221 227 246 253 260 282 291 312 344 346 360 413 445
88 21 110 179
89 47 78 202 245 296 328 396 404 426
90 11 60 89 102 124 127 133 160 161 257 259 335 356 377 396 400 435 442
91 28 95 101 114 141 161 177 178 184 190 211 283 314 370 386 394 418 423 424 426
92 10 13 14 26 33 40 43 76 79 83 86 113 122 126 128 138 145 150 161 168 198 202 225 231 245 247 248 274 276 285 288 291 304 315 316 319 324 325 331 353 369 392 418 430 433
93 33 273
94 94 145 361
95 61 139 212 337
96 78 296 310
97 53 66 173 191 213 268 283 393 440 443
98 73 141 142 173 242 277 360 392
99 81 233 263 361
100 81 88 99 172 246 263 361
101 177
102 23 78 201 230 316 403 415
103 22 154 178 201 224 298 308 316 430
104 6 253 262 327 368 403
105 0 10 62 64 82 88 129 153 159 162 186 203 214 253 257 278 287 294 302 336 350 351 356 359 369 404 433
106 33 74 121 143
107 0 22 24 42 102 107 178 209 212 257 298 308 439
108 3 18 88 194 233 270 420 430
109 39 94 98 158 170 177 187 192 212 236 286 289 313 314 326 333 352 371 379 417 423 435
110 147 150 283 284
111 13 14 15 28 43 92 94 96 128 131 152 178 180 186 226 230 273 288 291 306 315 331 351 355 368 369 376 379 403 404 409 416 423
112 25 53 170 287 397 420
113 134 136 139 167 171 182 192 203 211 212 221 253 255 258 324 330 341 359 425 435
114 80 101 275
115 11 16 18 32 49 51 52 54 56 67 78 89 95 121 125 140 145 156 157 158 162 171 180 195 205 213 236 251 254 327 334 346 368 378 386 396 398 402 404 405 407 410 419 433
116 130 191 206 215 241 367 411
117 15 42 44 56 64 67 76 148 177 205 218 231 236 250 258 266 267 270 273 302 316 322 370 381 412 426 439 443
118 54 102 114 267 347 349
119 22 71 88 100 120 192 196 230 253 257 272 307 410 414
120 42 51 57 61 88 99 101 120 122 132 137 164 167 171 178 196 201 203 204 212 275 291 301 303 324 350 361 362 378 410 413 415 416 418 421
121 12 27 56 66 94 119 120 122 124 134 160 174 179 215 258 266 284 316 360 361 375 384 385 389 392 410 417 426 440
122 17 74 88 106 119 207 264 400 410
123 202 260 416
124 36 176 199 225 309 352 386 391 430 442
125 30 61 67 94 127 140 141 153 165 166 167 176 193 217 219 221 286 295 300 306 308 310 313 320 321 328 336 337 349 351 362 372 374 383 395 404 423 439
126 19 26 28 29 33 42 43 59 101 144 155 173 176 189 198 204 210 228 236 252 256 259 279 302 304 314 325 334 342 344 363 367 371 374 395 398 400 406 421 423 433
127 74 178 183 190 356 377
128 13 20 94 99 127 138 145 150 241 271 288 315 330 424 428 444
129 14 290
130 70 191 335
131 9 15 36 39 56 62 70 78 87 96 98 109 110 125 142 150 152 158 159 166 167 173 180 187 188 193 204 208 221 261 277 286 294 295 296 297 300 302 306 310 328 336 337 354 355 405 422 429 433 436 439
132 85 91 101 124
133 44 64 76 210 212 260 285 287 301 370 393 442
134 153 190 201 219 289 301 376
135 33 37 47 56 65 73 113 125 131 135 140 142 165 177 195 204 205 210 216 221 230 310 328 330 337 351 359 368 370 376 379 405 439 442
136 12 14 43 48 49 52 55 92 111 128 143 149 152 182 199 232 237 245 265 314 315 320 357 360 366 369 376 377 390 407 417 423 428
137 103 137 143 215 233 241 261 273 279 283
138 13 130 145 149 160 263 288 289 291
139 4 116 235 419 445
140 23 49 59 68 72 78 113 119 126 136 167 255 272 278 285 287 300 321 324 333 395
141 56 108 150 376 404
142 110 136 215 287
143 7 102 107 123 143 154 161 210 222 264 353 378
144 22 83 102 107 108 146 196 219 253 271 293 304 333 350 356 367 398 413 435
145 21 84 96 196 297 306 424
146 10 21 156 202 267 342 389 424
147 31 67 182 193 362 397 398
148 16 53 126 139 228 288 423
149 266
150 13 48 144 288 369
151 27 182 223 246 272
152 4 13 14 15 39 90 94 126 138 149 160 276 286 287 288 296 314 315 331 336 351 377
153 10 15 25 33 82 108 137 157 159 176 230 242 311 320 333 356 404 440
154 236
155 19 33 35 42 45 99 123 143 150 179 192 203 220 233 257 261 264 304 398 426
156 2 16 34 60 67 74 78 90 104 109 112 119 122 126 153 155 193 194 207 221 231 237 254 275 295 313 328 352 387 421 422 435
157 27 50 211 326 409
158 0 39 53 66 72 88 133 137 160 167 187 218 275 289 292 387 414 435
159 7 61 78 80 82 112 132 133 220 221 231 253 265 300 305 316 343 352 369 370 403 428
160 149 266
161 22 102 103 107 201 224 298 385
162 9 10 11 15 35 60 64 132 137 163 260 270 336 399 407
163 23 67 100 143 156 212 214 221 272 294 428
164 9 15 59 95 161 193 211 212 218 225 227 269 282 289 344 346 353 425
165 41 56 153 162 208 242 283 291 294 309 374 422
166 55 76 158 218 223 272 303 435
167 202 296 358 435
168 61 68 123 126 137 146 202 228 318 342 377
169 10 31 36 37 40 47 51 66 105 118 119 125 153 157 162 180 192 204 217 219 221 222 236 242 243 246 247 251 270 280 294 310 313 316 317 328 329 354 357 368 374 376 380 381 385 395 402 404 408 412 442
170 141
171 58 117 134 156
172 180
173 318
174 22 38 41 133 172 191 210 212 249 250 272 285 287 293 330 338 340 381 412
175 7 134 139 226 415
176 1 15 20 50 67 88 99 101 181 220 236 244 259 297 307 311 370 372 386 388 389
177 9 10 12 34 35 38 62 79 83 162 226 270 290 373 444
178 27 41 125 157 365 385 386 392
179 32 64 108 215 233 266 303 336 373
180 11 20 40 52 68 88 107 132 153 159 162 175 179 187 198 225 231 236 261 262 278 280 299 300 304 321 327 351 357 358 379 381 382 425
181 27 52 71 141 157 192 201 223 307 313 364
182 56 147 212 231 255 372 383 443
183 171 189 230 412
184 0 64 87 90 112 164 170 182 215 227 249 266 282 285 303 320 344 349 359 360 370 372 375 395 405 445
185 63
186 58 76 249 257 258 264 267 303 312 356 391 426
187 22 29 59 98 107 132 173 182 208 212 277 314 376 429 434
188 96 125 273 290 315
189 22 47 51 79 127 173 189 210 222 227 266 287 291 318 330 358 389 392 393 400 410 435
190 381
191 71 98 293 358
192 38 72 85 108 148 161 192 246 257 263 283 340 364 377
193 15 23 39 101 109 142 158 179 182 232 236 252 286 298 300 324 328 338 362 369 418 422
194 6 12 26 103 177 201 209 280
195 83 330 372 410 441
196 22 62 103 205 271 287 304 361
197 35 55 71 76 137 308
198 2 10 11 12 15 19 42 45 58 74 76 78 90 119 149 153 170 185 189 190 207 209 211 228 231 237 244 257 258 278 298 309 311 314 325 334 335 340 355 356 363 367 371 372 395 429 431
199 34 70 100 147 190 223 226 263 316 361 386 392 443
200 17 26 83 127 209 245 271 314
201 15 125 177 190 246 293 298 302 308 378
202 27 267 283 293 298 377
203 47 53 64 191 197 215 253 291
204 6 11 15 16 21 24 30 37 38 42 43 47 57 58 60 67 72 78 79 84 97 105 120 125 128 129 139 141 156 161 166 181 183 184 190 191 206 208 212 214 216 217 219 221 235 238 239 250 253 260 262 270 279 297 305 321 323 328 334 335 337 345 346 351 358 360 361 363 364 365 374 376 383 389 395 396 404 405 414 418 419 434 436 440 444
205 15 40 44 67 70 78 94 103 113 119 132 137 167 199 217 231 242 255 268 273 289 297 319 330 358 359 379 385 392 404 421
206 46 55 96 171 283 290 324 332 370 387 395 415
207 4 11 27 58 63 71 78 143 171 184 191 206 245 324 343 358 373 415
208 198 226
209 29 201 202 229 250 284 293 394
210 7 12 35 106 107 134 143 210 233 259 280 338 346
211 23 56 178 190 191 196 211 272 391 432 434
212 0 74 107 127 189 224 250 252 253 257 267 340 363 397 410
213 33 64 107 161 196 224
214 93 285 304 428
215 71 99 108 130 170 287 300 435
216 6 12 64 97 106 125 129 164 166 197 202 210 238 254 268 290 324 343 355 376 385 396
217 28 41 59 106 174 179 181 183 192 204 236 246 269 272 300 307 321 349 358 372 381 399 422 423 428 434 442 444
218 29 32 56 61 74 130 202 211 241 258 262 346 363 371 389 417 420 432
219 12 40 70 101 114 158 198 202 231 236 259 270 295 297 313 321 336 338 347 365 381 387 388 413 440
220 25 83 112 305 313 351 403 418
221 32 83 197 212 218 356
222 10 11 12 16 21 24 31 34 35 37 41 43 47 51 54 64 67 73 75 77 97 101 115 126 133 135 137 150 153 158 162 163 165 177 189 195 204 210 216 218 237 238 239 240 242 243 248 251 262 269 273 285 300 301 302 309 311 334 337 338 345 348 350 351 356 357 364 365 368 370 376 380 408 411 414 419 422 433 440 441 444
223 53 63 71 103 148 233 245 263 370 395 417
224 203 309 358
225 122 170 361
226 32 86 100 172 196 226 263 293 316 361 363 377 392 419
227 21 170 184 227 269 283 318 371 445
228 11 64 114 130 170 190 229 266 272 287 318 342 363 370 410 425
229 49 113 134 182 287 394
230 29 81 85 88 125 183 206 211 316 334 378 417 445
231 30 69 74 77 133 211 249 266 300 308 393 409
232 57 114 139 358 377
233 28 34 290
234 99 178 385
235 4 30 34 67 70 76 82 90 113 114 153 159 174 175 195 198 206 210 213 215 220 273 297 310 314 364 369 375 396 399 403 404 421 426
236 0 8 20 32 51 72 84 114 173 179 201 266 333 341 344 377 410 428 442
237 3 11 71 99 176 178 186 234 248 252 292 309 352 353 364 373 384 386 388
238
239 24 26 37 62 86 92 96 105 119 121 122 126 165 169 176 183 186 189 203 205 227 231 254 267 268 274 298 307 311 335 351 353 359 376 405 419 421 426 428
240 12 15 23 60 108 115 117 126 127 156 170 184 186 204 207 212 219 235 239 249 250 251 258 259 267 270 302 303 318 322 328 336 345 355 358 359 374 376 398 400 429
241 246 308 398
242 28 74 77 99 103 133 139 161 174 218 247 283 285 324 340 377 435 438
243 18 23 37 40 47 51 62 75 78 82 111 115 121 122 125 131 135 156 158 167 171 174 198 203 204 205 235 240 275 280 286 290 300 317 323 328 330 349 359 377 405 407 411 439
244 35 70 208 231 255 297 375 428
245 58 63 70 116 233 246 352
246 32 217 294 336 376 423
247 3 12 15 16 18 20 26 31 32 35 47 51 52 65 73 87 113 115 118 131 135 136 139 140 147 148 153 173 174 176 180 189 202 204 208 218 220 222 233 236 240 243 251 258 265 276 278 283 289 294 303 304 315 317 318 322 324 327 333 336 337 344 345 347 355 357 366 371 374 382 396 399 402 405 408 411 421 444 445
248 28 100 114 145 259 351 352
249 51 100 139 164 238 258 267 388 391 392
250 23 28 77 84 229 257 301 302 352 361 394 418
251 25 47 53 54 112 127 153 154 156 159 180 203 216 235 238 266 340 357 359 363 375 397 404 439
252 53 76 81 170 189 202 227 308 369
253 47 238 266
254 54 90 96 124 162 178 186 198 205 231 234 237 238 307 335 347 367 384 386 396
255 29 97 160 201 246 290 297 321 388 403
256 11 19 23 45 55 66 97 110 123 133 144 146 155 203 221 223 238 283 301 304 335 340 367 398
257 22 183 203 266 377 435
258 170 196 246 267 291 400
259 52 67 108 127 186 223 232 263 283 356 391
260 7 8 12 28 29 44 46 53 55 77 106 177 209 221 250 280 284 301 375 381 394 400 435 438 439
261 3 17 36 42 63 71 108 133 197 218 221 223 245 271 275 276 332 363 399 401 440 443
262 16 32 42 61 64 83 146 182 269 287 390 391 420 435
263 194 279 290
264 34 53 55 144 191 223 230 264 291 324 393 428 430
265 10 18 32 38 61 71 178 189 244 263 318 342 360 378 400 414 425
266 26 126 252 253 259 276 314 357 385
267 69 83 154 238 415
268 9 10 11 53 70 86 100 130 139 172 176 181 199 202 226 230 259 274 304 311 316 361 372 373 377 385 389 392 442
269 359 417
270 17 30 40 70 196 207 258 268 286 314 358 359 412 421
271 21 62 178 189 267 287 385 420 431
272 46 118 170 192 221 223 257 271 272 274 313 349 385 387 389 417
273 7 70 124 137 171 268 283 301 316 319 361
274 86 100 108 146 183 196 209 246 263 316 326 367 417 428
275 70 80 261
276 5 32 108 132 171 189 223 245 259 264 304 368 387 417
277 68 142 173 202 433
278 12 22 59 61 65 74 76 89 101 102 168 185 189 211 218 225 236 275 303 304 324 327 333 346 349 418 431 443
279
280 2 7 12 25 35 44 103 107 139 175 201 209 238 259 293 301 308 313 326 360 365 414
281 12 18 119 250 301 316 336 361 423
282 67 225 435 445
283 23 83 283 325
284 28 79
285 7 8 28 46 132 154 220 250 260 263 301 313 319 324 338 349 375 394 430 438
286 44 45 64 187 230 259
287 13 47 83 89 114 196 202 205 269 279 287 365 407
288 28 108 149 160 174 263 342 353 434
289 318
290 34 60 67 161 174 190 215 355 359
291 149 334 369
292 238 388
293 44 132 137 212
294 35 71 89 108 183 223 246 264 392 396 414 418 428
295 39 58 60 67 72 160 166 182 193 211 235 275 277 347 362 372 388
296
297 29 39 104 127 158 174 190 242 259 260 285 300 313 353 361 403 418 443
298 57 151 167 210 293
299 11 18 58 59 63 65 87 137 183 202 210 218 242 244 245 271 276 282 304 312 320 327 346 360 370 371 417
300 8 38 42 72 113 114 158 181 273 275 287 289 312 313 319
301 22 28 29 64 181 252 254 284 293 394
302 58 112 215 301 327 445
303 17 18 35 55 137 192 221 253 267 293 338 355 440
304 48 168 212 228 253 279 342 389 394 417 424
305 34 52 91 178 264
306 15 43 56 94 112 261 291 314
307 64 76 84 106 116 120 139 170 190 192 212 233 246 272 283 293 418
308 166
309 1 22 24 48 50 70 119 176 186 190 226 228 231 268 269 292 304 330 334 364 365 367 377 383 417 442
310 6 15 39 71 78 92 93 109 110 113 119 121 126 127 130 142 158 187 193 217 219 228 237 238 244 271 278 285 289 295 318 359 362 369 419 429 436
311 6 35 41 47 64 103 119 141 148 149 163 170 173 192 210 214 274 285 289 316 320 356 365 378 381 389 417 422 428
312 56 74 89 95 103 126 150 162 164 183 212 275 282 333 344 359 360
313 72 73 74 91 148 158 191 250 350 358 371 399 408 423 435
314 19 20 33 42 45 51 64 68 123 148 168 196 214 256 260 304 314 363 367 383 416 424 434 442
315 57 71 79 149 158 160 185 230 286 393
316 99 232 263 377 433
317 9 14 17 55 63 65 108 158 162 171 202 223 238 241 245 261 276 332 334 351 376 379 390 400 401 404 430 434 439
318 32 78 141 158 170 190 272 318 342
319 9 10 33 38 70 76 85 86 103 119 139 171 175 183 199 202 214 217 223 226 230 232 259 268 274 276 280 316 326 353 354 384 420 428 430
320 74 84 134 225 236 294 343 428 430
321 12 72 91 130 141 148 166 170 174 175 181 192 196 242 257 272 313 321 349 390 391 395 405 418 423
322 6 9 13 22 38 56 77 81 89 119 132 139 143 158 169 186 202 212 214 262 302 324 343 344 348 361 369 422
323 15 62 71 101 126 156 190 205 211 219 235 270 297 301 310 319 330 358 359 418 419 422 432
324 0 74 224 229 264 267 283 324 434
325 33 47 303
326 33 85 137 170 316
327 5 15 34 42 47 52 59 87 90 95 118 122 137 140 161 164 184 217 219 221 227 250 265 282 292 311 312 323 340 346 351 357 365 371 374 376 384 390 395 401 422 425
328 6 11 36 38 53 101 103 129 141 148 166 176 201 217 229 236 258 301 321 349 391 423
329 13 14 15 36 43 47 48 73 84 92 94 97 111 124 126 128 136 138 145 150 160 205 214 222 223 226 239 241 243 248 259 272 283 286 287 291 303 304 315 316 317 323 331 334 366 369 404 423 424 430 440
330 83 102 203 423
331 13 14 76 94 138 149 160 172 212 230 231 288 291 315 316 355 369 407
332 17 63 210 343 356 410 435
333 28 35 38 74 119 189 190 218 224 225 228 265 271 287 305 318 324 333 391 415
334 4 6 12 19 45 68 79 86 106 145 146 155 168 214 244 255 256 262 271 294 300 314 325 350 358 367 413 416
335 12 54 67 122 167 178 185 190 237 292 300 303 317 347 355 385 388 391 396 400 409
336 49 97 121 181 183 193 208 235 244 290 297 306 407 421
337 7 23 34 35 39 77 96 109 110 113 122 142 182 193 198 202 213 219 235 246 253 286 295 306 310 362 386 396 399 410 421 430 435 436
338 23 39 46 64 134 161 192 218 246 260 318 375 387 435
339 66 241 443
340 22 76 102 233 243 253 257 318 325 358
341 22 84 194 431
342 37 192 208 303 357 374 416 440
343 17 27 48 58 171 213 258 266 387 414 415
344 27 83 224 227 246 265 266 275 318 360 363 390 445
345 10 16 22 24 35 58 78 95 105 127 156 192 195 198 203 208 216 219 237 239 253 254 265 271 278 289 301 313 322 323 349 357 379 389 395 399 408 433
346 22 29 84 113 115 126 140 191 229 264 279 283 287 355 360 389 403 434
347 103 139 176 183 185 189 190 237 261 292 301 318 343 364 384 388 392 393 409 410 435 444
348 443
349 38 72 74 91 114 134 141 144 148 167 171 192 220 253 288 325 359 381
350 322 392
351 12 30 34 62 118 119 129 141 163 165 170 174 176 179 192 219 235 257 272 280 321 336 341 349 354 374 387 390 391 418 419 423 428 439
352 330 400
353 0 56
354 10 71 132 141 158 192 230 242 246 261 268 272 276 280 287 292 294 297 300 334 383 395 428 438
355 5 13 15 33 118 121 122 150 202 206 253 263 359 364 422 429 430 435
356 32 170 318
357 10 30 32 59 60 61 67 79 84 87 89 105 121 127 165 174 176 177 191 208 265 278 279 280 287 289 299 304 311 312 314 333 334 338 344 346 360 381 391 394 417 433
358 112 142 263 267 421
359 23 74 124 176 186 203 230 249 300 303 330 359 364 365 414 415 426
360 21 39 74 171 225 238 282 387 431
361
362 2 26 41 74 140 141 166 170 178 182 187 242 244 255 307 373 395
363 68 74 89 90 146 149 162 191 212 391 413
364 1 11 22 41 64 78 89 137 186 192 203 211 217 244 267 303 330 362 386 420 443
365 5 7 8 12 22 35 53 167 210 213 220 293 318 365 373 393
366 14 25 48 70 80 82 85 111 117 145 149 150 152 196 259 266 268 276 278 287 288 316 319 336 337 384 386 404 417 423 430 439 442
367 42 59 68 84 126 144 168 189 211 218 228 241 252 304 325 342 356 363 367 369 385 413 416 434 438
368 34 37 45 88 117 122 137 158 186 214 216 255 259 262 307 318 345 351 355 407 410 412 442
369 48 63 94 103 138 172 201 271 286 288 301 315 367
370 61 196 202 246 261 347 393 430
371 61 65 225 316 318 334 389 393 445
372 174 179 194 208 209 218 280 294 298 307 348 357 394 418 426
373 30 57 129 273
374 12 106 107 125 133 134 163 176 186 198 210 217 218 258 259 270 271 272 307 321 335 338 349 355 359 364 372 388 403 414 417 426
375 2 4 8 12 28 38 46 91 112 122 139 209 212 213 250 283 284 298 301 339 381 391
376 4 7 16 33 34 40 53 55 66 70 97 116 130 132 151 162 172 177 191 194 197 206 212 223 241 264 272 290 291 310 314 340 348 367 370 379 383 386 399 401 408 419 421 440 443
377 53 99 100 233 261 430
378 34 44 170 188 321 413
379 55 57 132 199 268 274 303 316 319 373 377 384
380 6 13 105 114 122 134 151 177 186 196 212 273 351 354 442
381 22 23 61 67 79 99 103 107 142 173 183 213 218 250 266 324 393 394 423 438
382 16 18 20 32 37 49 52 59 66 87 95 119 127 164 184 186 218 220 221 236 254 282 300 304 316 327 328 334 344 345 350 357 360 364 367 412 425 426
383 4 26 28 41 42 55 73 77 84 97 132 192 203 210 215 241 242 244 261 264 266 279 360 387 430 440
384 50 54 76 83 99 124 178 186 226 233 234 248 249 352 386 388 409 430
385 167 182 316
386 99 151 171 178 184 231 261 324 330 352 377 401 424 442
387 0 5 16 33 55 66 73 118 197 215 264 283 293 309 316 324 326 426
388 35 127 133 233 268 290 363 367 385 435
389 32 56 99 279 318 384
390 4 10 16 20 26 37 84 119 126 134 153 192 209 214 217 226 230 236 237 241 255 259 266 268 269 272 309 319 320 341 372 379 390 399 401 417 428 431 442
391 47 231 238 308
392 196 202 264
393 44 202 252 301
394 132 158 269 297 308 389 394 418
395 66 74 96 102 103 127 148 192 195 197 201 212 223 272 304 330 346 348 395 409
396 56 178 185 195 214 237 292 309 332 347 418
397 105 156 238
398 89 139 140 146 166 188 235 287 293 351 357 368 424 435
399 93 115 116 130 195 212 241 305 373 414
400 91 377 385
401 36 83 116 130 140 143 200 241 294 302 378 387 442
402 9 16 20 21 24 25 26 37 49 55 62 65 73 101 111 121 125 131 132 150 156 173 179 180 184 194 198 202 214 216 219 226 236 239 262 270 273 279 287 289 299 304 312 316 318 323 327 332 333 345 346 357 368 382 383 385 392 409 429
403 34 68
404 27 76 82 103 107 126 141 159 182 209 217 220 226 255 268 280 297 319 321 326 384 401
405 11 12 21 67 72 94 125 134 147 166 198 207 214 219 223 231 270 285 287 295 316 323 335 336 337 343 360 363 372 395 400 410 412 423
406 11 26 31 36 41 49 51 52 73 76 77 84 87 103 105 109 115 134 148 156 164 167 169 173 175 180 184 195 199 222 225 227 235 238 240 243 247 251 272 280 282 297 299 312 317 327 336 338 350 353 364 368 377 382 395 402 411 417 425 428 429 437 439 443
407 12 58 255
408 11 53 55 60 66 79 85 97 101 116 126 136 149 151 154 156 190 191 207 210 212 215 217 226 261 268 283 324 370 383 396 399 412 433 440
409
410 156 265 266 267 357
411 24 31 43 61 66 78 115 122 131 180 188 191 204 210 214 219 240 255 261 280 283 291 297 310 317 323 345 351 369 405 429 439
412 101 153 211 237 271 300 306 307 318 364 389 423 442
413 100 190 268
414 22 83 171 291 433
415 58
416 148 292 372
417 149 201 203 377 378 393
418 58 127 253 393
419 0 34 51 72 114 118 165 206 207 217 246 258 272 279 283 290 311 324 328 360 369 373 383 387 388 395 408 421 430 440
420 121
421 36 44 69 93 97 116 200 226 261 316 356 373 383 396 399 401 418 422
422 12 22 56 122 132 143 194 208 242 250 260 284 285 298 301 372 442 444
423 92 126 145 163 192 265 272 288 315 369
424 11 15 217 297 416
425 65 74 76 95 126 170 180 201 225 279 284 287 372 389 443
426 40 132 190 215 258 267 318 363 364
427 39 165 369 429
428 22 53 126 212 350 352 353 367 373 377 378
429 15 43 47 66 94 110 126 158 160 196 306 314 369 410 435 444
430 12 99 233 248 361 416
431 210 238
432
433 10 11 54 64 154 177 208 231 254 264 266 291 311 316
434 74 110 190 191 201 246 278 316 353 376 394 395 445
435 11 120 202 252 266 355 439
436 15 54 76 110 128 133 142 147 177 193 194 205 226 270 273 349
437 13 14 15 16 31 34 43 44 45 47 51 58 61 62 73 75 92 105 106 111 128 129 135 136 138 141 142 145 148 149 150 152 153 169 172 183 235 236 240 248 256 268 270 273 311 312 315 329 331 337 341 358 362 366 369 373 420 423 430 439
438 8 28 103 117 161 183 201 209 224 229 246 250 253 293 301 394 418
439 9 10 30 53 82 98 109 140 172 186 187 193 201 205 219 223 276 293 295 300 306 310 319 337 362 367 379 401 404 423 428 443
440 3 12 23 53 74 170 191 197 203 217 229 264 272 304 324 330 348 355 358 373 387 388 393 415 426 443
441 67 99 108 228 233 268 290 300 310 384 430
442 10 76 127 139 210 259 280 306 356 385
443 2 5 55 66 71 116 203 250 261 264 283 301 303 335 376 434 442
444 39 41 122 158 203 254 260 261 285 367 375
445 187 206 321 394
