#causal_discovery_pcmci.py data/sp500_return_80.csv 1 sp500 pcmci
# GMT Sat Sep 28 22:03:09 2024
# 
0 0
1 1
2 2 379
3 3 139 273 378
4 4 411
5 5
6 6 90
7 7
8 8
9 9 112
10 10
11 11
12 12
13 13 148 295
14 14 227
15 15 423
16 16 19 20 45 95 126 269 318 320
17 17 8 27
18 18 22 266
19 19 52
20 20 304 309
21 21
22 22 123 161 353
23 23 334
24 24 83 89 118 220 263
25 25 47
26 26 133 207 386 421
27 27 441
28 28
29 29 12 22 165
30 30 129
31 31 375 423
32 32 397
33 33 157
34 34 22 344
35 35 348 377
36 36 95 143 153 166 183 192 193 204 210 232 269 286 372 373 391 394 422 436
37 37
38 38 178
39 39
40 40 34
41 41 17 182 204 303 321 335 364 395
42 42 69 151 195
43 43 29 237 325 442
44 44
45 45
46 46
47 47 291
48 48 77 174 179 196
49 49 26 228 334 435
50 50 199 423
51 51 11 248
52 52 19 25 42 45 68 73 123 144 146 155 168 256 281 291 304 314 334 367 398 413 424 439
53 53 291
54 54 178 206
55 55 202 427
56 56 44 80 160
57 57
58 58 29 306
59 59
60 60 14 93 331
61 61
62 62 66 271 301 316 361 430
63 63
64 64 132 262
65 65 28 29 49 95 136 175 190 215 229 355 422 438
66 66 49 56 95 104 123 173 176 191 213 240 282 302 312 315 327 421 423 445
67 67
68 68
69 69 48 66 81 160
70 70 231 301 429
71 71
72 72
73 73
74 74
75 75 201
76 76
77 77 82
78 78
79 79 238 292
80 80 3 70 71 125 181 217 351 354 365 418
81 81 91 202 221 303 325
82 82 1 129 185 309
83 83 199 203 330 398 410 437
84 84 120 121 375
85 85 294
86 86 281
87 87
88 88 101 110 412
89 89 47 93 245 328 396 404
90 90 89 427
91 91
92 92 32 35 59 76 83 87 119 141 158 166 184 225 227 247 264 297 307 318 321 327 336 344 346 351 357 364 374 382 385 402 405 439 445
93 93 36 70 82 120 121 241 273 278 324 346 363
94 94
95 95
96 96 348
97 97 173
98 98 242
99 99 81 154
100 100 88 263
101 101
102 102 78 201 230 379 415
103 103 423
104 104 262 368
105 105
106 106 120 121
107 107 24
108 108 354
109 109
110 110
111 111 327
112 112
113 113 255
114 114
115 115 89
116 116 246
117 117
118 118
119 119
120 120
121 121 111
122 122 170 183 207 279 323
123 123 93 289
124 124 36 179 415
125 125
126 126 113 164 225 406
127 127
128 128 89
129 129 225 234 237 290 352 386
130 130 191 335
131 131
132 132 36 401
133 133
134 134 59 82 153 158 159 190 203 210 220 272 302 376 389 390 404 426
135 135
136 136 54
137 137
138 138
139 139 116 235
140 140 58 85
141 141 129
142 142
143 143 154
144 144
145 145 306
146 146
147 147 21 36 102 193 286 355 414
148 148 423
149 149
150 150
151 151 143 182 272 383 426
152 152 5 90 110 234 347 408 436
153 153 309
154 154 335
155 155 296
156 156
157 157 50
158 158
159 159 352
160 160 131 162 182 222 241 310 392 409 429
161 161 415
162 162 35 139 181 201 291 414
163 163 272
164 164
165 165 56
166 166 136
167 167 50 202 292
168 168
169 169
170 170
171 171 117 156 332 411
172 172 15 19 33 42 43 45 47 49 68 72 75 78 80 91 92 98 109 114 115 117 120 121 125 126 136 138 141 144 148 152 153 177 181 182 183 187 193 198 201 204 205 212 214 220 221 228 235 236 239 240 243 250 255 258 271 272 275 276 285 288 291 295 297 302 310 313 317 321 326 331 333 342 345 349 353 355 362 363 367 369 382 403 404 406 410 413 418 428 438
173 173 279 330
174 174 138 172 293
175 175 60 92 134 136 139 150 437
176 176
177 177 275 421
178 178 24 27 41 51 58 101 112 139 157 197 204 217 245 250 260 283 301 324 348 357 365 386 392 405 443
179 179 108 162 233 252 336 400
180 180 11 315 359 368
181 181
182 182 147 212 433
183 183 93
184 184
185 185 429
186 186
187 187 22 147 186 303 404 429
188 188
189 189
190 190 381
191 191 9 71 130 161 165 177 336 341 403 408
192 192 45 202 304 320
193 193
194 194 162 177
195 195 441
196 196 15 62 103 205 296
197 197 294
198 198
199 199 34 111 147 190 315 397
200 200 13 26 47 128 174 314 331 366 416 433
201 201 163 177 185
202 202 34 37 58 63 70 100 103 226 263 276 319 377 382
203 203
204 204
205 205
206 206 96 110 290 293
207 207 3 17 34 42 44 51 60 71 101 129 240 322 344 421 435
208 208 226 379
209 209 54 323
210 210
211 211 334
212 212
213 213 196
214 214 38 107 143 170 302 307 364
215 215 130
216 216 129 202 402 420
217 217 189 372
218 218 157 382
219 219
220 220 168 367
221 221
222 222
223 223 148
224 224
225 225
226 226 348
227 227 19
228 228 370
229 229 113 134
230 230 88
231 231 69 130 409
232 232 139 224
233 233 290
234 234 28 98 127 140 187 258 277 360 364 395 427
235 235 70 310
236 236 442
237 237
238 238 244 420
239 239
240 240
241 241 272 360
242 242
243 243
244 244 70 124 208 375
245 245 0 8 12 28 40 44 70 77 209 226 229 232 250 257 272 283 284 291 307 324 351 352 376 379 405 443
246 246
247 247
248 248
249 249
250 250
251 251 43 66
252 252 81
253 253
254 254 11 220 404
255 255 221 246 290
256 256 11
257 257
258 258
259 259 108
260 260 257 298
261 261 71
262 262 317 384
263 263 194 195 279
264 264
265 265
266 266 259
267 267 405 418
268 268
269 269 37 161 381
270 270 51 104 197 242 294
271 271 62 189
272 272
273 273 27 171 178 186 225 282 289 299 301 360 431
274 274 52 165 167 218 396
275 275 188 392
276 276 108 188 205 291
277 277 114 173 423
278 278
279 279
280 280 139 283
281 281 12 18 59 60 124 190 250 301 311 345 357
282 282
283 283
284 284 229
285 285 186 443
286 286
287 287 32 113 196 221 363 365 401 416 431
288 288
289 289 33 48 75 125
290 290 3 171 182 201 209 215 246 268 274 326 345 359 378 417
291 291
292 292
293 293 262
294 294
295 295 441
296 296
297 297 334
298 298 57 151
299 299 33 65 177 230 342
300 300 273 319
301 301 181 234 254
302 302 215 427
303 303
304 304 248
305 305 21 34 154 435
306 306 44 56 154 157 181 261
307 307 189
308 308 166
309 309 24
310 310 252
311 311
312 312 162
313 313 158 399 408
314 314 196
315 315 185
316 316
317 317
318 318
319 319 166 171
320 320 253
321 321
322 322 56 154 206
323 323
324 324 124
325 325 26 32 42 47 52 68 83 115 182 188 198 228 237 287 333 334 344 376 398 410 425 432
326 326
327 327
328 328 101
329 329 76 141 357
330 330 203
331 331 242 407
332 332 24 91 114 137 141 212 222 240 246 256 280 289 303 313 356 368
333 333
334 334
335 335
336 336 155 200 205 332 421
337 337 35 132 306 338
338 338 355
339 339 39 66 72 82 87 94 98 109 110 116 142 187 243 282 286 295 299 310 315 321 328 331 337 382 405 436 439 443
340 340
341 341
342 342
343 343 48
344 344 308 341 390
345 345 85 183
346 346
347 347 136 185 213 392 444
348 348 7 41 52 78 84 91 113 114 133 189 190 192 204 205 211 229 236 257 298 300 307 318 326 330 345 346 371 374 389 395 402 404 406 407 432
349 349 129
350 350
351 351
352 352 330
353 353
354 354
355 355
356 356 170
357 357 27 112 214
358 358 142 168 177 188 198 211 236 258 299 319 323 389
359 359 280 370 414
360 360
361 361
362 362 173
363 363
364 364
365 365
366 366 184 247
367 367
368 368
369 369 98 286
370 370 347
371 371 65 155 334
372 372 208 312 336 357
373 373 30 129 273
374 374 417
375 375 122 296
376 376
377 377 261
378 378
379 379 157 184 227 235 282 346 360 445
380 380 1 3 10 13 22 33 48 64 73 108 169 171 187 190 217 222 223 242 259 262 278 280 293 311 316 317 320 333 348 353 367 369 376 387 389 390 408 412 419 420 423 428 439 443
381 381 51
382 382
383 383 261
384 384 249 392 430
385 385 182
386 386 377
387 387
388 388 2 47 250 412
389 389
390 390 249
391 391 0 13 15 21 47 58 98 108 116 187 191 214 229 231 238 307 353 364 387 414 432 440
392 392 40 49 72 78 116 119 143 157 169 241 243 246 262 281 300 314 330 350 395 412 422
393 393
394 394
395 395 409
396 396 54 90 107 298 355
397 397 42 113 140 143 150 221 363
398 398
399 399 70 100 138 154 252 275 321
400 400 118 175
401 401 20 21 32 37 61 73 84 89 189 244 271 291 341 390 425 431
402 402
403 403
404 404
405 405 148 153 360 397
406 406 84 222 262 311 330
407 407 58
408 408 154 396 433
409 409
410 410
411 411 214
412 412
413 413
414 414
415 415 273
416 416 180 282
417 417
418 418 144
419 419 51
420 420 120 121
421 421 69 373 396
422 422 44 93 154 200
423 423 6 21 36 61 71 169 191 192 204 218 220 226 265 268 285 305 317 333 338 345 349 361 389 401 411 432
424 424 196
425 425 59 61 64 135 223 394
426 426 0 166 174 440
427 427 8 15 23 28 29 36 39 49 71 80 90 96 98 109 110 131 135 158 187 231 250 265 275 277 286 295 296 310 314 318 337 369 403 417 429 436
428 428
429 429 136 196 288 366 435 437
430 430 85 230 248 274
431 431 41 143 186 291 344 381
432 432
433 433
434 434 116 179 372 376
435 435 284 423
436 436 273
437 437 111 323
438 438 23 78 117
439 439
440 440
441 441 50 67 99 100 108 199 228 233 268 310 342 384 420 430
442 442 3 306
443 443 27 31 63 332 444
444 444 254 291 296
445 445 73 146 170 321 341
