#causal_discovery_pcmci.py data/sp500_return_80.csv 3 sp500 pcmci
# GMT Sun Sep 29 10:56:40 2024
# 
0 0
1 1 27 100 157 206 298
2 2 171 195 379 380 400
3 3 139 178 202 273 378
4 4 48 55 177 194 284 411
5 5 9 196
6 6 21 23 30 83 90 93 114 235 239 253 279 356 368 392
7 7 67 122 163
8 8
9 9 35 112 142 173 202 216 298
10 10
11 11 248 348
12 12 249 358
13 13 128 133 214 261 295 388 399 421
14 14 32 227
15 15 60 239 242 315 393 400 423
16 16 9 45 78 95 126 140 146 269 275 320 340
17 17 27 178 250 254 259 396 444
18 18 22 53 63 83 266 350
19 19 52 95
20 20 231 304 309
21 21 0 18 113 130 153 221 266 313 387 400 406 411 429
22 22 161 191 196 258 267 274 353 388
23 23 194 244 334
24 24 89 93 118 153 195 235 278 432
25 25 17 47 210 223 290
26 26 386
27 27 80 410 441
28 28 132 223
29 29 12 22 44 110 160 165 215 231 244 279 298 313 337 345 385 422
30 30 129
31 31 373 375 407 423
32 32 397
33 33 28 36 95
34 34 2 21 162 203 353 361 393 396 403 428 433 435
35 35 60 64 108 125 142 173 194 197 315 348 377 415 419
36 36 24 143 154 166 210 232 269 284 372 373 391 394 429 436
37 37 152 314
38 38 178 210 443
39 39 62 356 444
40 40 34
41 41 89 111 204 335 364 393 430
42 42 69 151 195
43 43 29 55 140 197 219 237 325 339 442
44 44 28 196
45 45 265
46 46 194 249
47 47 237 291 386
48 48 132 139 174 196
49 49 26 228 334 435
50 50 39 131 187 193 195 197 199 214 219 238 277 295 362 416 423
51 51 11 151 239 248
52 52 19 25 42 45 68 73 92 93 123 144 146 168 169 206 256 260 281 304 314 334 367 398 424 434 439
53 53 29 93 238 291 360
54 54 29 158 206 255 352
55 55 332 427
56 56 44 80 160 179 242 275 293 388
57 57 27 53 54 210 361 391 415
58 58 29 54 77 85 90 306 384
59 59 133
60 60 14 57 93 148 232 331
61 61 20 80
62 62 12 66 100 153 216 271 409 430
63 63 53 172 349 442
64 64 151 232 421
65 65 28 29 49 83 95 136 156 175 190 215 229 237 253 288 323 355 359 422 445
66 66 16 49 56 67 93 95 104 123 130 159 173 176 184 213 224 282 315 327 360 404 421 423 445
67 67 411
68 68 339
69 69 1 48 66 74 78 81 93 103 113 114 119 158 160 254 293 377 392 411 439
70 70 1 69 90 231 246 301 409 429 438
71 71 197
72 72 353
73 73 421
74 74 150
75 75 15 19 43 89 90 94 98 109 113 131 158 201 299 310 335 350
76 76
77 77 27 82 92 110 146 150 168 182 207 306 337 362 370 418 436
78 78
79 79 176 238 275 298 407
80 80 3 70 71 125 181 204 217 293 323 351 354 365 429
81 81 91 202 221 303 325 422
82 82 1 7 24 34 44 79 129 154 183 185 303 309 324 386
83 83 108 112 141 199 203 209 254 278 301 302 354 395 398 410
84 84 120 121 282 306 375
85 85 50 276 390
86 86 0 7 11 12 16 20 23 30 35 37 41 53 61 62 66 77 99 107 123 130 134 135 137 141 155 160 165 166 168 173 176 184 189 196 200 204 209 212 216 217 218 222 224 227 237 242 247 255 262 270 271 274 281 283 284 287 294 297 312 316 317 318 327 332 333 344 346 353 370 373 376 380 382 391 395 396 400 406 409 414 418 424 425 440
87 87 181
88 88 101 110 176 207 210 220 237 241 303 311 412
89 89 1 22 27 36 47 73 82 85 93 143 151 165 174 212 224 230 245 262 288 290 293 295 322 372 387 391 396 401 404 412 422 443
90 90 11 24 78 89 123 128 285 342 343 351 427
91 91 283
92 92 32 35 57 59 76 83 87 118 119 141 158 162 184 225 227 247 264 270 297 318 321 327 328 333 336 344 346 351 357 360 364 374 382 385 402 405 439
93 93 5 42 70 82 120 121 132 209 211 225 273 278 301 306 363 391
94 94 110
95 95
96 96 292 348
97 97 173 284 350
98 98 12 22 28 35 209 231 242 253 369 442
99 99 81 118
100 100 88 430
101 101 238
102 102 31 78 112 201 206 230 290 319 379 388 415
103 103 38 196 423
104 104 262 368
105 105 96
106 106 13 43 92 94 120 121 145 150 152 288 437
107 107 24 84 89 128 135 156 183 189 203 256 261 279 307 412
108 108 60 70 172 177 273
109 109
110 110 213
111 111 57 110 310 327 337 429
112 112 6 399 418
113 113 80 151 255 324
114 114
115 115 89
116 116 246 303
117 117
118 118 262 282 361
119 119
120 120
121 121 111
122 122 80 159 183 207 267 283 287 303 323 359 373 380
123 123 289
124 124 1 30 36 156 179 292 373 415
125 125
126 126 16 46 164 180 225 251 406 425
127 127 6 78 156 182 194 246 252 313 336 409
128 128 93 381
129 129 6 7 12 35 93 102 106 107 124 161 210 225 229 234 237 242 250 260 285 290 293 298 352 381 394 408 421 438
130 130 140 191 335 420
131 131 197 309
132 132 36 150 210 232 296 335 338 365 401
133 133 4 25 58 59 69 165 177 212 255 267 301 344 357 360 376 393 407 411 433
134 134 41 59 82 83 89 153 158 159 190 203 210 215 220 251 272 302 323 354 376 389 426 428
135 135
136 136 54 59 166 436
137 137 197 261
138 138 130
139 139 96 116 174 205 206 235 290 302 395 405 432
140 140 85 180 206 213 324 442
141 141 129
142 142 175 226
143 143 7 15 47 59 88 98 141 154 270 293 336 347 381 385 392 421 438 441
144 144
145 145 306
146 146
147 147 0 3 7 8 10 11 12 13 14 15 16 19 20 21 23 26 30 32 36 37 40 42 43 45 47 48 49 51 55 59 63 66 67 68 71 72 73 74 75 76 78 82 84 87 91 92 94 95 96 98 99 104 105 108 109 110 111 112 113 114 115 118 119 120 121 122 125 126 127 128 132 133 135 136 137 138 139 140 141 142 143 144 145 146 148 149 150 153 155 156 157 159 164 166 167 168 169 170 173 181 184 186 189 190 192 193 197 198 204 205 209 210 211 212 213 214 216 217 218 219 220 221 222 223 225 226 227 228 229 231 232 235 236 237 239 240 242 243 245 246 247 248 249 250 251 252 253 254 256 257 260 261 262 264 265 266 267 268 270 271 272 274 276 280 282 283 285 286 288 291 293 294 297 299 300 302 303 304 305 307 308 309 310 311 313 314 315 316 317 318 320 321 323 324 325 326 327 328 329 331 333 334 335 337 340 342 343 344 345 347 349 351 353 354 355 360 363 364 365 366 367 369 370 371 374 376 377 378 380 381 382 383 384 385 387 388 391 394 395 398 402 403 404 405 408 409 410 411 412 413 416 418 419 420 421 422 424 425 426 428 430 431 432 437 439 440 443 444 445
148 148 137 423
149 149 215 275
150 150
151 151 13 23 27 85 102 108 119 147 148 152 156 157 161 182 192 220 250 265 272 288 309 315 318 340 353 360 383 388 397 407
152 152 5 8 28 90 110 117 132 142 240 255 299 322 330 347 357 388 408 410 436
153 153 80 309 359
154 154 64 98 177 196 257 323 349 422 433
155 155 296
156 156 129
157 157 46 50 96 132 223 347 385
158 158 439
159 159 352
160 160 120 121 131 222 241 409 429
161 161 0 3 12 30 35 61 75 134 139 204 293 332 335 353 387 414 415 426 431 442
162 162 26 35 45 51 121 139 181 201 239 291 301 303 369 393 400 414
163 163 4 70 105 231 272 395
164 164 350 355 419
165 165 24 56 80 88 105 162 443
166 166 70 136 251
167 167 50 127 202 228 240 292
168 168
169 169
170 170 384
171 171 47 107 117 156 332 338 373 375 399 411
172 172 15 19 33 39 42 45 47 49 68 72 75 78 80 91 108 109 114 115 118 120 121 125 126 138 141 144 152 153 176 177 181 182 183 187 193 198 201 204 205 211 212 220 221 228 235 236 239 240 250 255 258 267 271 272 285 288 291 295 297 302 310 313 317 321 326 333 342 345 349 353 355 362 363 367 369 382 383 398 400 404 406 410 413 418 438
173 173 279
174 174 138 172 293
175 175 21 60 92 134 136 139 145 150 206 260 366 434
176 176 191 325
177 177 23 160 207 220 273 338 339 347 355 357 366 416 421 424
178 178 24 27 41 51 58 101 112 114 139 157 197 204 219 245 250 251 260 283 348 365 386 392 405
179 179 69 83 93 99 108 134 162 185 230 233 252 323 336 397 400
180 180 11 51 305 315 361 368 434
181 181 89
182 182 147 212 421
183 183 20 93 149 341 373
184 184 30
185 185 13 14 45 92 97 128 136 138 144 145 149 168 177 183 252 274 289 310 314 315 321 331 367 369 413 424 429 437
186 186
187 187 72 147 303 404
188 188 6 16 26 97 100 185 205 211 212 216 222 268 287 301 303 312 340 343 371 380 412 414 423 440
189 189 188
190 190 381 443
191 191 9 71 130 165 177 336 341 350 392 403 408
192 192
193 193
194 194 132 160 162 177 286 338
195 195 7 21 42 81 112 127 153 168 186 203 220 228 249 251 304 318 342 354 383 397 401 405 424 428 441
196 196 3 9 15 18 26 32 44 56 62 64 72 73 78 103 117 123 132 135 137 158 159 174 178 184 189 199 205 210 222 225 240 247 248 252 256 258 262 264 265 270 282 295 296 299 300 301 303 316 318 320 328 333 338 341 347 350 360 361 368 380 390 402 404 411 412 419 420 424 429 431 433 434 435 443
197 197 50 172 202 226 294
198 198 389
199 199 2 48 81 111 118 148 190 295 315 331 353 417
200 200 26 314 331 366 416 445
201 201 118 121 163 169 171 177 192 280 294 297 321 323 349 391 432
202 202 3 17 31 32 33 37 56 58 63 64 70 71 72 80 83 87 93 108 128 152 164 169 171 188 207 219 226 227 235 245 246 247 248 261 265 270 276 288 294 300 304 312 317 326 327 331 336 343 349 354 355 371 373 376 377 382 389 392 402 405 412 415 416 437
203 203 70 80 267 345
204 204 434
205 205 16 26 39 45 57 59 61 68 74 96 100 107 109 119 122 126 146 155 159 179 180 186 193 202 223 228 232 235 236 247 250 256 257 265 271 278 304 314 318 334 342 367 379 389 398 402 416
206 206 11 18 29 37 74 75 96 110 202 219 236 287 293 311 316 358 395 428
207 207 3 17 25 31 44 51 71 101 117 129 179 240 251 322 343 344 393 421 432 435
208 208 183 226 379 410
209 209 54 323
210 210 86 264 305
211 211 304 334
212 212 9 119 176 231 266 274 303 384 388
213 213 196
214 214 38 45 107 143 170 302 307 418
215 215 39 55 130 170 175 204 430
216 216 69 99 129 202 246 402 420
217 217 212
218 218 157 382
219 219 302
220 220 168 314 413
221 221 39 139
222 222 48 311
223 223 148 176 249 313 364 377
224 224 203
225 225 434
226 226 91 106 132 143 191 207 296 308 337 348 375 430
227 227 19
228 228 16 380 441
229 229 113 280
230 230 88 251 415
231 231 69 127 409
232 232 0 103 114 139 222 224 430
233 233 87 175 179 290 330 359
234 234 4 35 66 74 98 113 140 187 188 194 206 258 277 306 360 364 395 427
235 235 70 273 297 310
236 236 164 443
237 237 101 197
238 238 12 57 58 122 143 177 244 245 256 314 354 420
239 239 206
240 240
241 241 89 360
242 242 69
243 243 20
244 244 43 70 124 208 375
245 245 0 8 12 28 40 44 70 77 209 229 232 238 250 257 273 283 284 288 291 307 324 351 352 376 388 394 405 438 440
246 246 116 354
247 247
248 248 36 80 131 132
249 249 219
250 250
251 251 66 71 352
252 252 81 219 343
253 253 434
254 254 1 177 183 220 284 301 404
255 255 14 33 40 63 72 83 159 162 169 181 195 221 222 223 235 246 250 290 294 302 320 345 354 426
256 256 57 374
257 257
258 258 373
259 259 58 67 91 108 138 165 345 359 375 443
260 260 257
261 261 50 282 313 442
262 262 76 384 391
263 263 194 195 279
264 264
265 265 188
266 266 69 259 378 407
267 267 235 405
268 268 171
269 269 30 37 132 161 372 381 419
270 270 51 158
271 271 46 62 189 201 433
272 272
273 273 1 14 17 39 48 50 53 55 59 60 111 154 171 177 178 179 182 185 187 188 189 210 232 252 264 277 279 282 286 287 289 295 299 301 307 324 329 330 337 366 369 370 373 380 383 407 408 418 430 431 443 444
274 274 45 146 165 167 373 396
275 275 12 29 80 81 102 122 188 233 304 360 392 416 420
276 276 205 226 291 359
277 277 21 33 51 114 128 145 152 173 269 354 380 423 433
278 278
279 279 216
280 280 44 123 124 139 199 397
281 281 1 9 12 18 42 59 60 87 93 116 124 178 181 190 227 250 261 262 266 301 302 309 311 326 345 357 373 378 384 386 400 417 443
282 282 7 11 64 370 372
283 283 69 71
284 284 53 229
285 285 179 443
286 286
287 287 161 173 196 221 318 365 401 431
288 288 332
289 289 5 23 33 38 92 115 125 143 177 229 263 298 355 397 424
290 290 3 22 24 29 32 34 38 60 96 107 134 171 175 182 187 201 212 215 217 235 246 268 274 326 328 345 378 396 417 428
291 291 38 83 266 274 366 378
292 292 129
293 293 34 154 326 405
294 294
295 295 13 19 68 99 105 117 119 123 127 146 155 161 168 175 186 222 256 259 263 280 282 301 319 322 326 334 342 363 366 367 398 406 413 424 441
296 296 430
297 297
298 298 57 147 151
299 299 33 65 177 230 261 290 342
300 300 273 319
301 301 90 181 234 254
302 302 89 93 215 427
303 303
304 304 63 248 273 409
305 305 13 14 21 34 78 106 149 150 154 160 177 179 184 225 236 314 327 329 382 406 416 421 424 435 437
306 306 44 56 154 157 181 214 292 337 435
307 307
308 308 7 166 420
309 309 24 355
310 310 38
311 311
312 312 162
313 313 158 408
314 314 173 196 205 225 227
315 315
316 316 121 325
317 317 337 347
318 318
319 319 166 171
320 320
321 321 392
322 322 56 154 396
323 323 34 199 343
324 324 124
325 325 19 26 32 42 47 52 61 68 83 84 91 115 126 144 161 168 182 188 198 228 237 253 267 287 318 323 333 334 342 344 367 376 398 400 410 413 421 425
326 326 96 118 330 388 399 404
327 327 77 255 328
328 328 53 101
329 329 25 141 357
330 330 80 203
331 331 45 144 407
332 332 24 88 91 103 134 137 170 195 212 216 244 256 289 301 303 313 356 368 393
333 333
334 334 1 19 32 49 73 189 225 292 304 318 390 426
335 335 2 50 91 140 255 330 403 435
336 336 53 69 155 190 200 201 205 229 332 363 399 421
337 337 35 132 306 328
338 338 104 117 198 235 297 355 359
339 339 31 39 58 66 72 82 87 94 96 98 100 109 110 116 117 125 135 142 176 187 193 223 243 276 282 286 295 299 300 310 315 316 321 327 328 329 337 351 379 382 384 405 436 439 443
340 340
341 341 0 51 82 114 118 123 148 162 196 216 219 229 256 275 283 295 298 328 345 385 387 389 416 424
342 342 0 16 18 37 74 84 125 126 153 170 192 217 220 228 307 328 337 356 364 381 404 410
343 343 48 65 96 110 122 136 260 273 436
344 344 202 308 341
345 345 3 85 183
346 346 23 332
347 347 81 100 136 185 332 392 429 444
348 348 7 12 16 41 52 78 84 91 97 113 114 115 125 133 141 148 162 166 171 183 187 189 192 193 204 205 211 213 227 229 237 239 247 254 257 293 298 300 307 313 318 330 333 345 374 389 391 395 400 402 404 407 422 432 440 442
349 349 129
350 350
351 351 22 418 428
352 352 1 40 44 47 69 70 100 105 107 108 119 122 132 133 140 156 185 186 194 203 226 230 241 256 258 268 283 303 308 322 330 333 358 369 379 430 443
353 353 98 215
354 354 29 74 176 192 193 213 236 268 393 402
355 355 185
356 356 6 30 43 48 66 84 96 109 125 145 157 170 187 200 225 263 274 279 295 316 321 326 329 331 341 344 392 401 439
357 357 27 214
358 358 95 142 153 168 211 236 258 269 299 310 319 323 337 362 377
359 359 3 53 55 261 280 370 414
360 360 55 91 372 376
361 361 51 55 75 82 118 153 245 246 259 355 400 418 437
362 362 173
363 363
364 364 89
365 365 309
366 366 247
367 367 164
368 368 4 7 73 75 77 112 173 189 212 216 222 275 307 380
369 369 172 202 261 286 303
370 370 36 177 292
371 371 65 334
372 372 208 336 357 386
373 373 10 14 15 16 20 26 30 47 56 61 72 78 101 114 115 118 124 125 129 137 141 142 145 148 150 156 157 160 173 180 181 188 189 204 217 219 221 230 231 239 240 242 254 262 265 267 268 269 272 273 278 289 295 297 300 318 320 321 328 333 340 341 345 358 364 368 369 379 387 389 393 402 405 410 416 418 439
374 374 244 258 364 417
375 375 122 141 224 255
376 376 34
377 377 33 70 71 241 261 273
378 378 154 276
379 379 87 184 210 227 235 282 346 360 445
380 380 1 9 10 13 21 22 33 49 52 54 73 94 97 108 126 154 169 170 171 177 190 206 211 222 223 236 247 259 262 264 265 270 271 272 276 278 280 287 293 296 299 311 312 316 320 333 336 344 348 353 367 369 371 376 378 387 389 390 397 402 408 412 417 419 420 423 428 431 439 441 444 445
381 381 51 56 67
382 382
383 383 261 442
384 384 57 58 178 237 248 249 254 377 392 430
385 385 378
386 386 57 79 132 347 377 433 436 442
387 387 137 157 350
388 388 40 171 202 250 358 412
389 389 147 206 413
390 390 165 249 273
391 391 0 13 15 21 47 58 78 97 108 116 187 191 214 221 229 231 238 284 307 328 353 414 432 440
392 392 40 49 72 78 116 143 157 180 200 241 243 246 262 266 281 314 330 350 412 422
393 393 54 66 147 180 380 381 391
394 394
395 395 80 409
396 396 11 50 54 59 90 107 177 207 213 224 242 278 298 306 308 309 338 340 355 375 381
397 397 25 105 114 150 302 317
398 398 172
399 399 70 100 127 129 138 154 159 252 275 321 334 366 393 414
400 400 209 229 331 366 423
401 401 4 10 21 37 49 61 73 84 109 116 160 184 210 241 244 245 271 282 291 310 360 364 390 400 425 431
402 402 309 330
403 403 323
404 404
405 405 86 119 148 153 360 397 404
406 406 84 222 265 311 338
407 407 4 58 277 297
408 408 29 154 387 396 399 433
409 409 104
410 410 69 288 423
411 411 63
412 412 9 36 83 233 275
413 413
414 414 57 110 143 335 368 401 433
415 415 102 103 129 151 179 206 214 224 273 319
416 416 245 356 396 438
417 417 166 359
418 418 49 83 144 225 425
419 419 51 56
420 420 89 120 121 194
421 421 60 69 129 202 276 373 396
422 422 3 200 386
423 423 0 6 36 37 53 61 71 97 169 189 191 192 204 218 220 226 265 268 305 317 335 345 349 353 361 368 372 389 411 422 432
424 424 2
425 425 59 64 135 223 394 443
426 426 0 73 80 101 139 166 174 176 240 248 336 376 386 408
427 427 8 10 12 22 23 25 28 29 36 39 40 50 51 61 64 67 70 74 75 80 90 96 99 109 110 131 135 137 141 156 158 160 169 170 178 186 187 209 217 221 225 226 231 234 247 250 252 259 260 262 263 265 266 272 275 277 280 285 286 289 291 295 296 298 300 307 310 311 314 318 324 337 338 346 349 355 357 367 368 369 373 375 381 384 386 403 411 417 429 435 436 438 442
428 428
429 429 9 128 136 196 288 316 328 331 366 423 435 437
430 430 50 64 85 230 248 261 264 274 336
431 431 41 143 165 291 327 381
432 432 7 288 329
433 433
434 434 3 24 47 55 90 116 156 161 164 170 174 279 338 340 351 360 372 376 383 417
435 435 26 84 224 284 423
436 436 134 175 210 239 273 345 393 395
437 437
438 438 78 117
439 439 399
440 440
441 441 1 50 67 78 90 99 100 108 199 228 233 268 310 324 342 384 420 430
442 442 3 93 178 202 306 435
443 443 3 27 31 194 444
444 444 17 69 120 121 234 254 291 296 377
445 445 25 73 74 146 166 170 321 338
