#causal_discovery_pcmci.py data/sp500_return_80.csv 2 sp500 pcmci
# GMT Sun Sep 29 04:22:12 2024
# 
0 0
1 1 27 157 298
2 2 171 195 379 397 400
3 3 139 202 273 378
4 4 110 194 411 436
5 5 377
6 6 90 279
7 7 67 122 163
8 8
9 9 173 216
10 10 202
11 11 348
12 12
13 13 148 276 295 376
14 14 227
15 15 60 352 423
16 16 45 95 146 269 320
17 17 27 44
18 18 53 63 83 266 304 350 393
19 19
20 20 304 309 337
21 21
22 22 161 267 274 353
23 23 194
24 24 61 83 89 93 118 195 235 290
25 25 17 43 47 290
26 26 207 386
27 27 80 441
28 28
29 29 12 110 165 279 298 313 337 422 436
30 30 129
31 31 375 423
32 32 397
33 33
34 34 2 203 361 396 403
35 35 197 304 307 377 415 419
36 36 95 143 166 183 193 232 269 273 286 372 373 391 394 399 422 429 436
37 37 41 260 314
38 38 63 178
39 39
40 40 34
41 41 111 303 321 335 364 393
42 42 69 151 195
43 43 29 197 237 325 442
44 44 28
45 45
46 46 194 249
47 47 185 237 291
48 48 174 196
49 49 26 228 232 334 435
50 50 39 42 98 110 131 187 193 195 199 214 277 295 331 334 362 385 398 416 423
51 51 11 151 239 248
52 52 13 19 25 42 45 68 73 94 103 123 144 146 155 168 206 256 271 281 304 316 334 367 398 413 424 434 439
53 53 93 291
54 54 29 158 178 206 244 255
55 55 427
56 56 80 160 242 275 388
57 57 54 361 391
58 58 29
59 59
60 60 14 93 288 331
61 61
62 62 12 66 100 128 216 430
63 63 172
64 64 132 232 269
65 65 28 29 49 95 136 156 175 190 215 229 253 422
66 66 49 56 93 95 104 105 123 130 162 173 184 191 213 224 282 302 312 315 327 360 406 421 423 445
67 67
68 68
69 69 1 48 66 74 78 81 113 114 119 158 160 254 411 439
70 70 13 90 231 301 409 429
71 71 197 426
72 72
73 73 421
74 74 150
75 75 15 43 90 94 98 109 113 131 158 201 299 335 346 435
76 76
77 77 82
78 78
79 79 176 238 275 292 407
80 80 70 71 125 181 217 293 351 354 365 418 429
81 81 91 202 221 303 325 422
82 82 1 24 34 44 79 129 154 185 309 324 386 393
83 83 16 59 108 112 133 141 199 203 254 302 330 356 395 398 410
84 84 120 121 306 371 375
85 85
86 86 0 7 11 12 35 37 42 53 62 77 106 107 123 130 137 143 162 166 189 196 204 212 214 216 218 222 224 229 247 264 271 274 281 283 284 293 294 316 317 332 353 373 380 391 395 400 424 425
87 87
88 88 101 110 237 412
89 89 27 36 47 73 82 174 224 290 293 328 387 396 401 404
90 90 24 78 89 427
91 91
92 92 32 35 39 57 59 76 83 87 141 158 181 184 225 227 247 264 307 318 321 327 336 346 351 357 364 374 382 385 402 405 439
93 93 42 70 74 120 121 209 211 225 273 278 301 306
94 94
95 95
96 96
97 97 172 173
98 98 12 22 35 95 209 242 253
99 99 81
100 100 88 255 430
101 101
102 102 78 201 220 230 379 415
103 103 392 423
104 104 262 275 368
105 105
106 106 24 120 121
107 107 24
108 108 70 132 172 177 273 354
109 109
110 110
111 111 110 310 327 337
112 112 6
113 113 255
114 114
115 115 89 390
116 116 246
117 117
118 118
119 119
120 120
121 121 111
122 122 183 207 267 439
123 123 289
124 124 1 36 156 179 292 373 415
125 125
126 126 16 164 225 406
127 127 6 72 78 156 194 252 313 336 409
128 128 89 93
129 129 6 12 35 106 107 124 161 210 225 229 234 237 242 250 285 290 293 298 352 381 394 438
130 130 191 335
131 131 197
132 132 10 36 296 338 401
133 133 4 25 58 59 69 165 177 255 267 301 357 360 393 407 411
134 134 41 59 82 89 153 158 190 191 203 210 215 220 272 302 323 376 389 390 426
135 135
136 136 54
137 137 197
138 138
139 139 116 174 206 235 395 432
140 140 58
141 141 129
142 142 175 226
143 143 7 52 154 293
144 144
145 145 185
146 146
147 147 0 3 7 8 10 11 12 13 14 15 16 19 20 21 23 26 30 32 36 37 40 42 43 45 47 48 49 51 55 59 66 67 68 71 72 73 74 75 76 80 82 84 87 91 92 94 95 98 99 102 104 105 108 109 110 111 113 114 115 118 120 121 122 125 126 127 128 132 133 135 136 138 139 140 141 142 143 144 145 146 148 149 150 153 155 156 157 159 164 166 168 169 170 173 181 184 186 189 190 192 193 197 198 204 205 209 210 211 212 213 214 216 217 218 219 220 221 222 223 225 226 227 228 229 231 232 235 236 237 239 240 242 243 245 246 247 248 249 250 251 253 254 256 257 260 261 262 264 265 267 268 270 271 272 274 276 280 282 283 285 286 288 291 293 294 297 299 300 302 304 305 307 308 309 310 311 313 314 315 316 317 318 320 321 323 324 325 326 327 328 329 331 333 334 335 337 340 341 342 343 344 345 347 349 351 353 354 355 360 363 364 365 366 367 369 370 371 374 376 377 378 380 381 382 383 384 385 386 387 388 395 398 402 403 404 405 408 410 411 412 413 416 418 419 420 422 424 425 426 428 430 431 432 437 439 440 443 445
148 148 137 423
149 149 215
150 150
151 151 13 23 27 85 119 143 147 148 152 156 157 182 192 220 250 265 272 288 309 315 318 329 340 353 360 383 388
152 152 5 8 28 90 110 117 142 240 299 322 347 357 388 408 410 436
153 153 309 374
154 154 98 135 177 196 257 323 335 349 422
155 155 167 296
156 156 129
157 157 46 50 347
158 158
159 159 352
160 160 111 120 121 131 162 222 241 310 409 429
161 161 3 139 244 414 415 426
162 162 26 45 51 68 139 201 239 291 364 369 393 395 414
163 163 70 272
164 164 75
165 165 56
166 166 136 251
167 167 50 99 202 240 292
168 168
169 169 442
170 170
171 171 47 117 156 332 372 399 411
172 172 15 19 33 39 42 43 45 47 49 68 72 75 78 80 91 109 114 115 117 120 121 125 126 136 138 141 144 148 152 153 177 181 182 183 187 193 198 201 204 205 212 214 220 221 228 235 236 239 240 250 255 258 272 275 285 288 291 295 297 302 310 313 321 326 333 342 345 349 353 355 362 363 367 369 382 383 400 403 404 406 410 413 418 428 438
173 173 279
174 174 172 293
175 175 21 60 92 112 134 136 139 434
176 176 130 191 325
177 177 23 270 275 338 347 355 421
178 178 24 27 41 51 58 101 139 157 219 245 260 283 324 365 386 392 405
179 179 108 162 233 252 323 336 400 442
180 180 11 267 315 359 368
181 181
182 182 147 212 421 433
183 183 20 93
184 184
185 185 13 14 45 92 97 128 136 138 144 168 252 274 288 289 308 310 314 315 321 331 367 413 424 429 437
186 186
187 187 303
188 188 185 211 343 412
189 189
190 190 381 443
191 191 9 71 130 165 177 336 341 392 403 408
192 192
193 193
194 194 132 160 162 177
195 195 21 42 81 153 168 186 203 220 251 304 318 342 354 383 397 405 428 441
196 196 3 9 15 16 18 26 32 44 62 64 73 103 117 132 137 158 159 174 178 184 189 205 211 222 225 240 247 248 250 252 258 260 262 265 266 282 295 296 299 300 301 316 318 320 333 338 341 347 350 360 361 368 390 402 404 412 426 431 435
197 197 50 202 226 294
198 198
199 199 111 118 147 190 288 315 397
200 200 26 47 128 287 314 331 366 416 445
201 201 163 177 290 391
202 202 37 58 63 70 108 226 263 276 332 349 377 382
203 203 80 308
204 204 434
205 205
206 206 74 75 96 110 220 255 290 395
207 207 3 17 31 34 44 51 71 101 117 129 179 240 283 322 343 344 393 432 435
208 208 226 379 410
209 209 54 323
210 210 264 305
211 211 334
212 212 266
213 213 196
214 214 38 45 107 143 170 302 307
215 215 39 130 170 175 274 430
216 216 69 99 129 202 402 420
217 217 189 372
218 218 157 382
219 219
220 220 168
221 221 139
222 222 48 128 138 155 311 351
223 223 148 176 364 374 377
224 224 140
225 225 434
226 226
227 227
228 228 153 370
229 229 134 280
230 230 34 88 206 251 304 433
231 231 69 127 409
232 232 114 139
233 233 179 290 359
234 234 4 21 35 74 98 140 187 194 242 258 277 306 360 364 395 427
235 235 70 97 297 310 352
236 236 443
237 237 197 400
238 238 12 57 122 177 244 354 420
239 239
240 240
241 241 89 272 360
242 242
243 243 388
244 244 70 124 208 375
245 245 0 8 12 28 40 70 77 192 209 229 232 238 250 257 260 272 283 284 291 307 324 351 352 376 379 394 405 438
246 246 354 408
247 247 348
248 248 36 438
249 249
250 250
251 251 43 66 71
252 252 81 343
253 253
254 254 11 177 183 220 284 301 305
255 255 33 37 40 63 112 159 162 169 181 221 222 223 235 246 250 264 287 290 294 311 354
256 256 11 177 222 262 267 316 342 374
257 257
258 258 373
259 259 58 91 108 165 345
260 260 257 336
261 261 50 71 313 442
262 262 317 384
263 263 194 195 279
264 264 384
265 265
266 266 259 285 378 407
267 267 405
268 268 171
269 269 37 161 381
270 270 51 104 197 294
271 271 62 189
272 272
273 273 14 17 50 53 55 111 154 162 171 177 178 186 189 225 232 264 271 279 282 287 289 299 301 307 329 360 366 369 380 407 408 430 431
274 274 45 146 165 166 167 373 396
275 275 188 392 416
276 276 188 205 226 291
277 277 21 51 114 152 173 269 354 380 423 433
278 278
279 279 216
280 280 139 283
281 281 1 9 12 18 59 60 83 87 93 124 178 181 190 227 250 261 262 301 302 309 311 345 357 373 378 384 386 400 417 443
282 282 7 11 64 414
283 283 69
284 284 229
285 285 186 443
286 286
287 287 196 207 218 365 401 431
288 288 332
289 289 298
290 290 22 60 107 134 171 175 182 187 201 215 235 268 274 326 359 378 417 428
291 291 29 83 274 366
292 292 129
293 293 262 405
294 294
295 295 19 52 68 99 117 123 155 161 168 175 186 189 198 218 222 225 256 257 259 280 319 322 327 334 342 353 363 365 366 367 398 413 424 441
296 296 430
297 297 34
298 298 57 151
299 299 33 65 177 230 342
300 300 273 319
301 301 1 90 181 234 254
302 302 89 215 427
303 303 338
304 304 248 409
305 305 21 34 154 179 421 435
306 306 44 56 154 157 181 214
307 307
308 308 166
309 309 24
310 310
311 311
312 312 162
313 313 158 408
314 314 173 196 205
315 315 185
316 316 325
317 317 132 337 347
318 318
319 319 166 171
320 320 7 253
321 321
322 322 33 48 56 154
323 323 343
324 324 124
325 325 19 26 32 42 47 52 68 74 83 115 161 182 188 198 228 237 287 323 333 334 342 344 376 398 410 413 425
326 326 399
327 327
328 328 53 101
329 329 76 357
330 330 203
331 331 407
332 332 24 91 103 137 195 212 256 289 303 356 368
333 333
334 334 1 32 49 56 73 90 103 133 225 242 263 265 271 282 312 318 426 431
335 335 2 91 140 330 403 435
336 336 155 190 200 201 205 332 399
337 337 35 132 306 328 338
338 338 104 235 297 355
339 339 31 39 66 72 82 87 94 98 109 116 135 142 176 187 243 282 286 295 299 310 315 321 328 337 382 405 436 439 443
340 340
341 341 0 51 80 82 96 118 123 148 162 196 219 229 256 275 295 298 328 345 387 389 416 424
342 342 0 16 18 19 74 78 84 112 125 126 153 159 170 192 217 220 228 257 286 307 327 328 335 337 344 350 362 364 382 404 410
343 343 48 65
344 344 20 308 318 341
345 345 85 183
346 346 332
347 347 100 136 185 213 332 392 429 444
348 348 7 16 41 52 72 78 84 91 114 125 133 157 162 183 189 192 193 204 205 211 227 237 254 257 298 300 313 318 330 345 371 374 389 402 404 407 432
349 349 129
350 350
351 351
352 352 33 40 47 69 70 100 108 119 122 133 140 186 203 219 226 230 256 258 268 269 283 322 330 333 358 379 430 443
353 353 98
354 354 32 74 176 192 193 213 236 247 268 316 351 393 402
355 355
356 356 170
357 357 27 214
358 358 142 168 188 211 236 258 299 319 323 366 424
359 359 53 267 280 370 414
360 360 55 376 408
361 361 400 437
362 362 173
363 363
364 364 89
365 365
366 366 184
367 367
368 368 4 7 73 75 77 112 173 189 212 216 222 235 256 275 307 335 345 375 378 380 410
369 369 71 127 172 202 261 286
370 370 36 177 292 347
371 371 65 334
372 372 72 208 336 357 386
373 373 10 14 15 16 20 26 30 47 48 61 72 114 115 124 125 129 131 136 141 142 145 148 156 157 160 173 181 188 189 204 217 219 221 231 239 240 242 254 262 265 268 272 273 278 279 294 295 297 300 316 318 319 320 321 329 333 340 341 345 358 362 364 368 369 379 387 389 393 402 405 410 412 416 439 445
374 374 258 267 417
375 375 122 141 255 296
376 376 34
377 377 33 56 241 261 393
378 378 154 274
379 379 176 184 227 235 282 346 360 445
380 380 1 3 6 9 10 13 21 22 26 33 43 47 48 49 52 64 73 97 126 146 170 171 187 189 190 206 222 223 236 247 259 262 272 278 280 293 296 299 307 311 312 316 317 320 333 336 341 344 353 363 367 369 376 378 382 387 390 397 402 408 412 417 419 420 423 428 439 441 444
381 381 56
382 382
383 383 22
384 384 57 58 178 197 237 248 249 254 392 430
385 385
386 386 377 436 442
387 387 157
388 388 40 47 250 266 358 411 412
389 389
390 390 43 249 273
391 391 0 13 15 21 47 58 98 108 116 187 191 214 221 229 231 238 284 307 353 364 387 414 432 440
392 392 40 78 116 119 143 157 180 210 243 246 262 266 281 314 330 350 412 422
393 393 147 180 301 381
394 394
395 395 409
396 396 11 50 54 90 107 224 298 306 309 355
397 397 105 114 150 156 302 317
398 398
399 399 30 44 70 100 127 138 252 275 305 321 366 393 414
400 400 118 209 229 250
401 401 3 10 20 21 32 37 49 73 84 89 105 109 116 184 241 244 271 282 341 360 364 390 425 431
402 402 4 309
403 403 323
404 404
405 405 148 153 360 397
406 406 28 84 173 222 311 330 440
407 407 58 277 297
408 408 29 154 388 396 399 433
409 409
410 410
411 411 63
412 412 9 36 83 218 233 275
413 413
414 414 143 335 368
415 415 206 214 290 422
416 416 180 189 245 265 282
417 417 107
418 418 49 144
419 419 51
420 420 89 120 121
421 421 69 373 396
422 422 93 154 200
423 423 0 6 36 37 52 53 61 71 74 97 125 169 191 192 204 218 220 226 265 268 305 317 333 335 345 349 361 368 389 411 432
424 424 2
425 425 61 64 76 135 180 223 371 394 440
426 426 0 101 166 174 176 386 408
427 427 8 10 12 15 23 25 28 29 36 39 40 49 51 61 64 67 70 74 80 90 96 99 109 110 131 135 137 141 156 158 160 169 170 178 187 209 217 221 226 231 247 250 252 259 260 262 263 265 266 272 275 277 280 286 291 295 296 298 300 307 310 311 314 318 324 337 338 349 355 357 368 369 371 373 375 381 403 417 429 435 436 438 442 444
428 428
429 429 20 92 128 136 196 288 316 328 331 366 423 435 437
430 430 50 85 230 248 261 274 336 420
431 431 41 143 291 381 386
432 432 7 288 366 423 437
433 433
434 434 3 116 161 164 174 338 340 372 376
435 435 37 284 423
436 436 175 210 239 273 345 393 395
437 437 323
438 438 51 78 117 421
439 439 399
440 440
441 441 50 67 78 99 100 108 176 199 228 233 268 310 324 342 384 420 430
442 442 3 178 435
443 443 27 31 63 194 307 444
444 444 120 234 254 291 296
445 445 73 146 170 321 341
