#causal_discovery_varlingam.py data/sp500_return_80.csv 3 sp500 varlingam
# GMT Sun Sep 29 09:52:22 2024
# 
0 33 101 237 267
1 201 388
2 86 403
3 0 8 21 67 83 139 154 356 370 371 420 443
4 375
5 16 223 245
6 55 63 99 106 132 201 209 210 381 387 395 440
7 28 64 102 106 143 183 191 324
8 8 32 83 102 116 134 172 211 213 221 229 250 269 293 301 394 418
9 20 41 58 72 119 218 223 242 274 275 284 303 326 369 382 392
10 7 8 22 49 55 67 76 85 107 116 121 137 171 175 176 185 194 210 231 245 260 274 276 285 298 307 311 347 353 360 364 373 377 401 415 422
11 17 49 144 179 261 338 371
12 0 7 35 77 107 134 190 213 250 284 308 365 414
13 28 145 295 434
14 13 16 56 64 94 128 138 142 145 146 149 150 160 174 210 219 230 248 256 272 280 288 314 315 334 354 360 361 378 420 442
15 7 9 13 15 26 119 120 147 160 170 218 266 296 369 423 426
16 6 7 20 26 43 89 103 113 114 119 120 126 139 153 173 174 184 198 208 209 217 218 221 236 254 271 278 303 310 311 322 328 333 334 335 340 342 353 362 364 409 412 419 421 433 439 440
17 8 27 63 71 356
18 12 161 189 236 285 370 399
19 33 42 45 103 144 146 174 186 189 215 225 266 282 318 319 340 370 398 410 434 435
20 89 191 196 250 265 341 414
21 8 117 129 212 415
22 40 117 284 293 420
23 34
24 4 6 7 34 66 77 83 93 97 175 197 216 253 290 321 324 335 350 360 370 375 376 383 391
25 34
26 20 35 39 84 99 108 114 119 132 164 178 189 202 212 221 228 236 244 271 316 320 373 386 401 440
27 441
28 229
29 284
30 30 78 80 129 179 210 221 292 321 349 365 388 395 396 415 422
31 3 4 7 17 22 27 55 58 63 85 97 105 135 171 206 207 209 223 245 261 264 313 317 319 332 343 357 365 368 370 375 376 387 399 401 404 408 415 418 419 420 426 433
32 24 141 175 219 261 279 386
33 39 48 56 144 238
34 7 10 27 60 99 102 121 133 134 139 143 153 154 164 174 175 203 204 237 273 280 316 359 389 393 420 442
35 102 161 177 250 253 346 358 391
36 0 3 22 66 78 83 93 108 134 174 191 200 203 259 267 276 343 373
37 6 9 21 26 47 66 186 205 218 242 255 271 334 335 354 386 404 408 427 431 439
38 178 192 288
39 72 94 129 170 187 202 274 277 286 304
40 4 6 34 56 61 80 113 118 122 139 140 191 213 271 300 302 346 369 377 385 394
41 77 161 181 192 221 260 272 280 283 285 324 369 381
42 33 68 69 74 116 123 127 130 168 212 279 304 335 346 363 376 389 398 413 416 431
43 42 48 81 128 129 143 145 150 167 173 214 253 271 283 288 291 362 369 373 401
44 136
45 16 40 42 68 92 102 105 144 146 166 168 342 363 367 398 410 425
46 0 2 102 118 139 143 163 170 175 179 213 250 400 414 438
47 15 24 34 36 37 40 78 79 87 105 192 203 205 225 239 261 272 285 303 322 323 346 347 351 358 374 376 383 408 409 419 423 433 445
48 48 267 347
49 8 28 83 95 118 144 190 218 244 255 275 298 299 333 340 358 395 407
50 1 99 170 171 178 400
51 2 4 49 56 119 125 133 153 192 204 205 210 251 294 297 302 323 326 349 351 354 363 368 369 380 395 404 422
52 16 18 25 26 29 46 59 78 87 140 143 156 157 174 194 210 225 253 258 260 266 278 299 312 322 333 344 348 353 374 381 396 399 401 405 413 425 435
53 258 291
54 375 377 386
55 0 5 17 53 64 108 132 291 377 427
56 44 56 80 154 224
57 114 130 430
58 27
59 28 40 137 170 177 218 222 225 265 301 318 371 425
60 2 22 41 77 80 93 119 122 154 175 179 191 201 207 210 213 293 307 309 324 326 335 347 375 385 396 404 435 440 442 443
61 27 44 56 105 203 308 318 389
62 78 103 365
63 377
64 21 28 57 262 356
65 20 49 87 95 134 136 139 164 180 184 217 221 225 254 327 346 372 404 410
66 56 191 264 304 370
67 23 64 167 181 213 221 231 267 283 285 318 353
68 61 123 170 274 318 403 413 416
69 66 141 195 377
70 32 100 103 226 231 274 301 316 356 370 377 417
71 3 177 203
72 34 91 114 141 228 265 298 318 370 410 418 423 428
73 16 18 20 26 30 34 37 54 65 84 105 108 139 153 163 165 171 180 189 195 197 205 216 236 261 264 269 271 288 299 312 320 341 345 369 377 390 409 414 417 421 429 431 442
74 23 83 268
75 33 34 37 51 65 77 99 119 122 125 126 134 135 137 143 164 167 171 185 190 202 205 215 235 240 250 255 280 304 307 310 323 326 355 373 374 391 399 400 411 415 416 425 442
76 48 69 143 190 224 225 266 291 393 394 410 418
77 0 35 44 46 48 56 61 84 91 107 154 179 203 267 365 370 381 389 428
78 7 23 32 34 77 83 97 113 125 132 158 174 190 210 213 224 279 307 340 423 440
79 116 238 396
80 70
81 91 142 221 325
82 129 139 192 210 220 305 309 312 372
83 203 291
84 21 88 173 190 191 232 269 271 285 291 318 378 389 431
85 12 38 63 103 298
86 85 196 230 270 325 392 411 430
87 1 27 59 83 116 128 164 173 177 220 221 227 253 256 257 265 291 312 313 344 360 365 381 393 413 445
88 179
89 47 202 328 386 396 404
90 11 49 60 89 102 127 161 236 259 356 359 399 435 442
91 73 95 114 132 161 178 253 283 314 386 391 418 423 426 435
92 10 13 14 15 17 22 25 34 43 79 83 84 128 137 145 161 163 194 199 203 205 225 231 245 248 276 288 291 304 315 316 319 325 331 353 369 377 384 392 421 442 445
93 89 119 393 442 445
94 94
95 61 83 139 361 413
96 103 106 109 157
97 53 93 130 191 224 276 385 387 440 443
98 56 141 270 277
99 81 233 263
100 88 172 196 263 361
101
102 22 23 78 201 415
103 22 224 293 298 308 347 358 385
104 78 128 257 262 327
105 10 30 61 64 82 84 177 203 214 310 336 350 351 370 379 433
106 74 121 250 259
107 102 107 257 269 308 414
108 44 270 342 417 420 430
109 23 39 98 99 116 119 137 150 181 187 212 236 275 286 313 318 326 371 377 394 417 434
110 74 263 283 284 410
111 13 14 15 43 50 68 92 94 96 128 140 152 178 186 196 214 273 288 294 306 315 316 326 347 355 369 375 379 402 409 423 424
112 12 25 170 397 399
113 23 72 88 167 182 192 196 211 221 228 253 255 275 284 324 435
114 80 275 389
115 11 16 30 37 49 51 54 56 65 78 84 95 105 121 156 157 162 171 178 205 213 218 221 236 250 253 254 334 338 346 347 364 368 386 396 398 402 404 405 410 425 433
116 114 154 215 241 367
117 15 20 41 42 44 56 61 82 88 148 205 258 267 302 309 322 335 376 387 391 412 439 443
118 0 102 103 148 347 377
119 20 22 39 88 118 192 197 272 285 303 356 367 410 417 434
120 2 13 22 27 42 58 88 102 120 122 132 134 148 164 167 170 196 204 209 212 224 238 250 271 275 291 303 305 308 313 324 325 346 376 378 385 410 413 415 426 435
121 7 12 56 81 100 108 111 113 115 119 120 122 128 134 160 170 179 218 253 294 314 322 324 326 333 375 381 385 388 410 417
122 17 42 88 91 106 119 257 264 266 307 410
123
124 36 309 352 356 386 430
125 30 67 68 78 119 121 127 141 165 166 167 175 187 193 212 217 218 219 221 235 236 269 270 286 295 300 303 306 308 321 326 328 336 337 351 355 374 381 383 395 407 418 423 439
126 19 36 40 42 59 68 77 81 110 114 148 155 173 176 189 198 228 236 237 244 256 269 278 303 304 314 325 334 342 344 356 363 367 373 406 413 421 422
127 74 356
128 13 20 33 48 80 94 113 138 145 150 160 170 181 189 232 263 271 287 288 307 315 331 348 367 406 428 438
129 14
130 70 191
131 6 9 15 23 36 39 62 70 76 87 96 98 109 110 125 150 152 158 167 173 180 187 188 193 204 219 235 261 275 277 286 295 296 297 306 310 328 331 336 337 354 379 405 422 429 433 436 439
132 91
133 44 64 76 77 192 212 260 285 301 393
134 201 219 376
135 16 37 40 60 73 84 107 125 131 135 158 165 192 195 204 205 214 221 239 251 260 273 310 328 351 359 364 370 376 379 405 433 441
136 14 67 86 92 111 126 128 143 145 149 152 168 223 256 315 317 320 331 357 366 369 370 376 390 417 423 426 428
137 34 63 103 143 215 261 279
138 13 69 85 127 130 145 149 232 288 289 291 303 377
139 85 116 212 230 235 445
140 59 61 68 78 91 113 145 154 167 170 174 201 242 255 272 275 321 394
141 99 108 136 322 376
142 110 136 211 287
143 7 56 102 107 123 136 143 154 161 219 353 378 400
144 22 35 40 68 108 145 146 150 211 224 253 271 282 304 333 356 398 413 431
145 21 76 84 196
146 19 21 68 94 342 380 424 436
147 21 31 182
148 0 30 141 148 211 228 265 266 325 423
149 0 271
150 48 288 361 369 377
151 27 272
152 4 9 14 15 20 39 126 138 149 160 171 196 201 276 288 296 315 331 332 336 338 351 429 444
153 9 15 20 82 88 101 108 133 137 140 159 176 181 189 203 230 298 308 311 313 320 321 349 356 391 393 404 410 418 440 442
154 213
155 33 45 86 123 145 150 191 220 228 253 257 274 416 425 426
156 16 34 54 67 76 109 112 122 127 153 185 186 189 207 221 238 249 254 275 295 307 313 333 335 367 387 425 433
157 27
158 0 4 39 66 72 173 187 275 289 387
159 7 12 19 56 57 84 88 112 133 157 185 220 244 272 299 300 305 316 340 352 387 395 399 418 422 428 444
160 149
161 0 22 102 103 107 201 224 267 298 385
162 9 10 15 60 108 132 163 205 208 210 217 245 260 275 293 307 309 311 336 358 399 407 429
163 6 67 128 156 272 288 440
164 8 32 42 95 109 147 211 225 227 266 267 282 287 305 344 350 373 376 398 418 445
165 56 91 119 153 185 205 206 309 374 387 444
166 55 91 211 303 349 425
167 202 275 435
168 33 61 64 69 93 123 149 228 312 342
169 6 9 24 31 36 37 40 47 51 66 71 99 103 105 108 115 118 119 125 141 153 157 162 175 180 181 194 204 205 219 222 240 242 243 246 247 251 257 263 270 276 283 293 294 300 307 310 313 317 329 351 353 354 358 368 374 376 380 381 385 395 402 409 417 419 425
170 48 77 311
171 58 117 134
172 180 196 376
173 190 318
174 22 41 148 151 179 249 258 272 284 285 288 293 326 340 381
175 134 143 201 226 326 373 415
176 50 54 61 77 88 181 183 203 220 236 244 274 307 311 326 367 377 385 386 389 417 428
177 34 35 56 77 97 102 107 162 226 231 270 290 309 340 358 373 379 444
178 27 41 56 125 157 385 386
179 108 178 293 336
180 19 40 47 49 52 53 89 95 106 132 153 159 175 198 218 225 231 262 278 298 299 300 322 327 333 357 379 381 382 395 425 433
181 27 141 157 170 192 201 223 307 313
182 56 105 147 198 212 255 364 433
183
184 39 40 64 76 87 90 108 164 170 182 211 249 273 282 303 344 349 360 375 383 405 445
185 388
186 58 76 249 257 263 267 303 356 377 391 426 430
187 59 80 98 107 108 173 221 236 272 275 277 360 385 418
188 96 130 164 290 315 389 400
189 22 51 74 116 173 198 210 266 291 358 400
190 381
191 98 241
192 0 64 72 85 108 148 161 190 201 232 257 350 358 361 389 392 393
193 15 29 39 98 109 142 158 167 179 182 232 297 298 300 324 338 344 362 387 389 422 429 435
194 103 177 201 209 293 315
195 175 330 372 410 441
196 22 40 62 205
197 35 55 74 137 308
198 4 9 11 15 19 45 49 67 76 78 80 90 113 121 144 154 168 185 187 207 209 257 258 265 267 300 303 313 314 325 334 340 360 363 367 372 377 381 389 395 426
199 100 147 190 223 226 274 311 361 386 392 395
200 17 83
201 73 298 308
202 27 63 293 342 377
203 0 22 25 53 116 134 253 257 279
204 0 2 11 15 16 24 25 30 37 38 41 43 47 49 54 59 60 72 77 78 79 82 91 104 105 125 129 130 139 140 141 143 153 154 156 159 177 181 184 190 194 206 208 213 216 217 219 220 221 235 239 242 250 255 258 262 274 280 285 286 287 290 292 305 312 315 320 321 323 328 332 334 335 338 341 345 347 349 351 357 360 364 374 380 383 388 395 404 405 418 422 429 433 436
205 15 40 67 70 78 86 94 103 134 137 163 167 175 199 213 218 242 259 268 274 297 301 319 330 340 358 361 379 386 435
206 46 55 66 96 171 283 324 370 395 415
207 11 27 58 63 66 70 112 171 191 206 255 267 269 276 324 343 358 375 383 415 429
208 198 226
209 202 250 284 394
210 7 12 106 107 143 183 213 259 280 298 313 338 346
211 23 170 196 432 434
212 0 29 56 61 107 129 132 148 224 253 257 258 267 340 370 378 410
213 60 196 253 287
214 29 42 74 83 86 428
215 99 108 170
216 6 12 16 64 105 106 129 137 161 197 238 290 323 337 343 376 386 396 444
217 6 9 12 26 42 61 63 81 91 97 109 113 119 130 133 134 140 148 174 179 192 195 204 210 214 221 229 259 260 271 272 279 280 287 300 318 321 330 348 349 358 372 388 399 422 434 442 444
218 32 56 61 74 108 127 157 191 211 262 266 269 279 308 346 360 363 368 371 385 389 422
219 21 30 40 41 49 54 70 101 114 158 165 194 198 231 259 270 295 309 313 332 336 349 364 365 379 381 388 412 429 440
220 61 305 351 370
221 59 84 141 192 212 350 356 410
222 7 10 11 16 23 24 31 34 35 37 41 43 62 64 73 75 77 115 126 129 132 135 137 157 158 162 165 174 175 177 192 195 204 207 210 216 217 218 238 239 242 243 248 269 275 280 285 300 301 308 311 317 337 345 347 348 356 365 370 373 376 380 383 407 411 419 433 438 442 444
223 48 63 71 88 103 148 225 230 245 263 271 357 375
224 99 203 284 354
225 80 177 178 342 361 444
226 86 100 103 170 172 196 263 282 293 316 361 377 392
227 21 112 114 184 284 287 371 445
228 11 101 132 175 190 266 342 363 370 371 389 410 425
229 49 94 272 322 394
230 80 81 85 88 183 316 378 417 431 445
231 30 69 74 297 354 393 409 422
232 57 139 346
233 34 284 290
234 16 141 178
235 30 34 54 67 70 82 90 119 140 147 153 159 175 195 212 220 273 297 364 369 371 375 403 404 410
236 0 20 32 84 106 118 173 179 223 258 282 308 333 341 344 365 370 377 385 390 410 428
237 3 22 71 82 116 124 137 166 176 178 186 234 238 248 309 340 352 364 384 386 388 442
238
239 19 22 49 78 84 86 92 96 105 119 121 122 125 158 173 174 176 192 229 231 237 254 258 267 305 307 312 319 347 350 351 353 364 376 405 419 426 427 428 434 439
240 2 11 12 16 18 78 80 81 102 108 115 117 118 126 140 156 170 173 174 181 184 198 204 212 218 219 235 239 249 250 251 258 259 267 270 283 302 303 308 318 322 345 350 356 358 359 362 374 382 400 404 410 418 426 433
241 308
242 20 28 74 109 133 139 143 174 212 285 295 365 391 435
243 15 23 33 40 47 51 56 62 72 73 75 78 105 111 113 115 121 131 132 135 140 149 153 167 174 182 192 203 204 205 231 235 236 238 240 254 275 286 290 297 317 323 328 330 338 345 349 351 359 368 383 392 402 405 407 411 439
244 35 208 231 297 375
245 58 63 116 376
246 376
247 3 6 14 15 16 18 20 28 30 31 32 35 38 40 51 52 56 73 78 87 94 102 105 115 126 130 131 133 135 136 140 147 148 153 162 165 171 177 180 185 189 196 202 203 204 216 218 221 222 233 236 240 243 255 265 269 271 276 278 279 287 293 303 317 318 322 327 333 337 344 347 353 355 357 360 374 375 382 387 395 396 402 405 408 411 413 421 426 442 444
248 28 48 100 145 351 352
249 50 51 164 258 303 356 388 392 426
250 28 77 130 202 224 229 257 258 301 394 398
251 25 43 47 90 112 127 153 154 159 203 210 220 235 266 284 307 332 340 357 359 375 397 401 404 439
252 81 275 369
253 225 257 266 400 425
254 60 83 124 130 198 220 231 234 237 249 293 307 335 347 367 384 385 391
255 29 97 160 201 221 290 321 360 388
256 19 20 23 33 42 45 48 55 123 133 143 144 145 146 155 192 196 197 203 221 223 255 257 272 283 304 353 367 392 398 420
257 22 86 89 170 190 203 266 410 435
258 25 108 196 203 267 291 324
259 35 127 201 223 263 274 356
260 0 7 8 12 23 28 29 46 55 58 64 77 142 143 154 177 209 218 229 250 269 280 284 287 301 346 375 381 394 400 435 438 439
261 3 17 36 56 61 63 71 108 130 133 221 245 275 276 332 399 443
262 16 64 141 146 150 315 399 402 423 439
263 194 279 290
264 17 53 55 191 230 303 373 393 428 430
265 23 38 65 71 109 173 189 225 236 318 342 360 378 400 429 434
266 147 252 253 259 357 385 421
267 68 69 207 229 370
268 6 9 27 33 53 70 81 86 100 172 176 196 199 202 226 311 316 361
269 279
270 10 17 28 40 148 179 187 207 242 268 297 313 340 343 359 399 412
271 21 89 99 174 189 242 287 308 327 420
272 46 47 51 55 82 85 113 134 147 170 171 221 223 253 257 271 274 305 349 373 385 417 418 423 428 434 438
273 7 64 70 83 137 171 268 283 301 316 319
274 76 99 100 108 196 316 326 377 417
275 70 80
276 5 32 205 209 223 224 264 291 308 387 417
277 142 173 182 202 360 369
278 0 4 8 20 22 28 32 59 61 83 91 93 95 102 103 119 129 167 168 170 174 189 202 225 236 260 274 275 318 324 330 338 340 346 387 415 432 443
279 202 216 298
280 35 103 107 137 139 201 209 238 293 326
281 12 60 336
282 150 225 227 445
283 279
284 28 275
285 2 8 44 46 66 112 161 201 209 220 253 260 284 287 301 324 338 348 349 358 375 376 438
286 94 98 110 259
287 83 89 114 128 173 196 202 205 269 279
288 57 108 141 158 160 196 342
289
290 34 60 67 90 161 174 285
291 93 149 334
292 388
293 132 308 338
294 28 89 139 202 229 246 263 264 316 361 414 428
295 67 72 80 109 114 120 122 140 141 166 182 193 208 213 215 224 231 236 242 260 277 347 362 388 444 445
296 44
297 29 56 104 116 166 174 183 213 220 242 244 260 283 300 313 342 385 395 403 418 435
298 57 167 224
299 4 59 65 77 87 88 132 164 178 201 202 210 218 236 242 250 257 263 275 280 282 304 309 312 327 346 360 371 385 387 389 401 417 440
300 8 38 113 148 158 201 212 218 275 289 296 312 335 371 389 438
301 29 102 103 181 284 293 394
302 21 112 375 389 445
303 137 170 190 192 221 253
304 37 47 48 68 168 211 228 248 279 287 342 424
305 0 75 91 178 264 288
306 15 56 94 109 112 157 300 314
307 59 61 64 76 106 116 161 175 212 272 283
308 141 166 361 400
309 1 24 48 50 70 108 119 176 186 202 226 228 231 266 364 367 377 383 391 400 442
310 15 28 39 78 92 93 109 110 126 142 150 187 193 217 237 238 270 295 362 370 395 407 414 429 436
311 6 35 41 49 97 119 130 141 157 163 186 192 197 201 210 261 264 272 274 289 294 307 316 350 351 400 417 422 428
312 27 56 76 84 95 103 108 112 116 150 164 178 203 244 333 350 359 360 417 428
313 28 61 62 72 73 74 83 91 148 158 218 248 250 257 340 370 408 423 435
314 8 19 21 26 45 61 64 68 148 168 196 214 256 300 304 353 363 367 416 424
315 65 71 160 185 192 375 393
316 68 172 201 232 239 361 375
317 9 17 63 105 108 122 135 158 168 170 171 196 223 241 245 261 262 276 297 307 319 332 376 379 400 401 404 439
318 21 140 158 170 190 318 324 393
319 33 49 70 76 85 86 99 119 139 171 172 175 199 202 223 226 230 232 259 268 274 276 280 303 316 326 353 354 420 430
320 7 8 174 271 307 430
321 12 53 72 91 139 141 148 166 170 173 181 192 196 241 242 244 272 276 283 313 340 346 349 387 417 423
322 0 9 22 32 38 49 77 81 91 139 143 158 174 183 186 191 212 214 262 271 274 302 324 340 349 361 373 399 405 422
323 21 36 62 65 77 157 167 190 195 205 211 219 235 244 270 273 275 297 301 319 358 359 391 419 422 432
324 0 74 136 224 257 267 324 434
325 303
326 59 85 114 146
327 5 15 18 32 36 52 58 59 62 87 90 97 118 122 129 130 161 164 184 185 192 200 219 227 231 236 250 265 278 283 290 299 311 312 318 320 323 346 350 357 360 365 369 371 376 390 407 415 423 425 442 443 445
328 21 101 103 129 141 148 166 167 176 201 231 236 306 321 349 356 375 423 438
329 13 14 16 37 43 47 48 55 64 70 73 84 92 94 95 97 100 111 123 126 128 135 136 138 149 150 172 204 205 214 222 223 239 274 276 286 287 289 315 317 323 331 334 353 358 366 369 376 380 383 409 423 434 440
330 0 83 203 423
331 14 19 76 94 138 160 212 230 231 259 274 291 315 326 361 369 407
332 17 63 218 356 410 435
333 32 35 66 83 112 149 164 189 191 218 220 223 228 241 248 253 265 269 287 293 294 318 324 325 350 389 393 425 432
334 6 19 41 45 68 85 88 100 106 128 135 139 143 146 155 196 203 214 230 244 256 262 271 274 292 301 314 325 350 358 367 389 393 413 418
335 12 54 77 97 122 178 181 182 185 203 237 244 255 292 300 303 317 347 355 385 386 388 396 400 409 442
336 30 121 181 235 290 299 306 322
337 34 39 68 77 96 102 109 110 113 122 134 142 175 182 193 198 202 203 205 219 235 286 295 310 362 410 421 430 436
338 12 134 161 260 284 365 375 385 387 394 417
339 443
340 0 74 76 112 189 243 253 257 267 280 301
341 30 84 303 318 417 428 430 431
342 0 174 208 233 440
343 27 48 58 63 143 157 171 258 276 338 365 414
344 67 99 132 136 137 145 224 227 235 318 320 338 346 349 350 363 377 425 434 445
345 10 23 24 47 58 76 90 95 105 106 125 156 171 195 207 214 216 219 237 239 244 252 268 278 289 357 389 390 399 400 408 433
346 0 56 84 115 127 140 175 229 264 269 271 279 283 360 363 389
347 139 176 183 185 234 237 261 292 334 364 370 388 409 410 444
348 443
349 28 56 57 64 72 78 106 139 141 142 148 167 190 202 215 220 221 269 283 288 298 333 361 381 389 419 428
350 322 370 392
351 0 4 9 12 30 32 71 93 114 118 121 129 139 148 163 166 170 174 179 190 191 194 197 205 214 217 219 235 242 244 257 268 287 303 311 321 325 336 341 346 349 354 359 365 374 376 381 419 439
352 330 385 400
353 56 157 170 183 229 271 420
354 3 4 10 32 63 71 76 84 108 174 176 192 201 230 233 237 242 246 272 291 294 377 428 438
355 12 33 35 55 64 95 121 150 253 365 417 422 429 440
356 32 170
357 30 34 49 59 61 79 84 87 89 105 107 134 157 165 174 177 191 244 253 255 261 278 288 297 299 311 312 318 333 340 346 358 360 374 394 423 433
358 0 106 263 267
359 23 116 176 186 220 230 249 267 268 283 330 359 365 377 395 396
360 21 39 47 57 83 89 182 183 205 282 283 288 291 356 391 431
361 400
362 26 41 110 148 170 178 182 185 187 194 221 242 244 255 307 308 319 321 373 378 389
363 32 57 68 74 83 99 183 205 269 377 413 424 435
364 1 11 22 44 89 137 171 190 192 197 211 217 242 250 267 313 330 340 358 383 386 391 413 414 420
365 7 8 22 35 84 102 137 167 178 213 232 293 365 393
366 14 44 70 82 100 111 117 149 150 152 168 175 186 237 255 259 268 288 293 314 315 319 384 404 423 430
367 42 68 84 85 114 123 126 144 148 168 178 218 228 232 241 271 304 342 351 363 367 385 391 413 416 438
368 6 17 34 37 88 117 122 175 186 201 207 214 216 255 259 262 293 297 307 318 319 345 346 351 355 357 401 410 412
369 48 66 84 86 94 128 130 137 138 172 192 201 209 210 231 271 288 315 360 365 442
370 68 83 99 183 196 230 261 266 303 347
371 32 61 65 74 146 266 273 287 298 334 377 389
372 179 194 208 236 298 333 347 357 426
373 30 129
374 6 7 106 107 133 139 161 163 165 176 186 192 217 218 258 259 270 271 272 308 324 335 355 359 364 372 388 403 414 417 426
375 2 8 12 22 38 46 77 91 209 212 250 279 298 339 381 420
376 4 12 16 34 47 53 55 66 71 79 97 101 116 119 151 153 162 172 177 186 206 212 213 221 241 245 255 264 272 291 293 310 314 324 340 344 348 354 370 379 381 383 386 387 399 404 408 419 440 443
377 53 89 430
378 34 99 188 221
379 55 199 268 274 303 319 335 373 377 384
380 0 6 103 105 140 163 177 196 244 273 323 351 369 429 430 442
381 0 22 23 29 59 103 114 132 173 192 213 218 266 301 316 347 356 394 410 414 423
382 9 10 12 16 18 20 24 32 47 49 52 59 62 66 87 95 99 127 159 164 184 202 220 236 260 268 282 284 285 289 316 322 327 328 334 344 345 351 357 360 364 372 375 407 408 412 425 445
383 0 55 66 73 77 84 97 108 118 133 185 191 203 220 242 244 245 261 264 279 318 371 385 418 440
384 54 76 99 103 124 178 186 234 248 249 309 352 386 388 430
385 316
386 88 151 178 244 292 324 330 352 377 385
387 53 118 179 197 215 241 263 283 308 324 369 426
388 178 290 385 400
389 32 56 74 190 263 299 348
390 4 7 10 14 16 26 34 37 55 61 84 88 119 126 141 162 176 192 201 210 211 214 236 249 255 259 268 271 272 302 307 309 319 320 328 373 376 401 428 431 439
391 238
392 196 298
393 44 202 274 347 420
394 44 61 83 224 269 284 298 308 389 392
395 3 4 8 24 41 83 102 103 113 133 146 192 195 197 258 275 279 292 313 346 375 395 396 409 420 440
396 56 178 237 292 409
397 27 48 156
398 11 13 57 74 140 146 188 293 308 346 354 357 400
399 55 93 116 128 241 305 373 431
400 25 346 377
401 36 68 83 116 143 191 200 209 249 274 348 399
402 9 13 16 20 24 25 26 37 49 55 56 61 62 65 73 84 101 105 113 119 122 125 133 150 156 173 176 181 183 184 186 194 198 218 219 225 236 239 242 251 255 257 262 270 289 295 297 304 316 318 320 323 327 332 333 336 345 346 348 357 368 382 383 390 391 404 414 428 429 445
403 274
404 49 76 82 84 127 141 159 201 203 217 220 230 268 297 305 319 326 340 354 401 407
405 11 21 24 67 72 78 101 105 110 125 150 198 219 235 255 270 290 295 313 322 323 328 335 336 343 357 363 372 385 395 410
406 31 41 51 52 68 69 73 74 77 84 87 103 105 109 115 134 139 163 164 165 169 173 180 184 198 199 217 219 222 225 235 237 238 240 243 247 272 280 282 299 300 315 317 318 319 325 327 330 336 346 353 356 364 368 376 379 382 390 395 402 404 411 414 417 421 425 437 439
407 255 300
408 0 8 11 53 55 60 79 98 116 126 151 166 191 210 212 226 261 264 272 280 324 370 383 389 396 399 412 433 440
409 388 400
410 22 78 183 224 318 356 357
411 24 31 80 115 131 166 180 188 219 240 261 275 280 283 300 309 323 351 369 405 429 439
412 16 30 83 90 153 181 189 192 194 205 211 237 249 258 266 267 300 307 364 404
413 196
414 83 293 360
415 58 164 201
416 148 335 370 396
417 149 175 201 203 316 378
418 88 253 393
419 0 34 49 51 63 78 89 116 118 165 206 207 217 218 258 261 270 272 283 290 293 311 324 328 342 363 374 383 387 393 408 414 421 440 443
420 121
421 36 69 83 93 97 151 196 200 212 344 373 383 387 399 401
422 12 22 49 56 72 143 161 175 208 242 250 255 260 284 285 301 338 372 375 444
423 86 92 99 145 146 192 258 274 288 369 399
424 15 51 69 89 98 148 212 416
425 58 65 74 95 170 201 225 279 287 299 371 389
426 40 99 107 258 267 364 370
427 39 135 165
428 5 51 61 64 103 284 308 313 353 367 373 377
429 43 56 158 160 182 306 369 422 435 444
430 99 248 353 361
431 279 291 325
432
433 10 11 74 77 97 151 154 174 175 177 208 225 231 237 264 291 311 348 362
434 191 272 278 376 394 395 445
435 252 257 266 411
436 0 15 54 88 110 133 142 187 193 205 218 226 273 349 399 410 433
437 5 13 14 15 40 43 44 49 51 57 62 63 65 73 75 80 88 92 105 111 128 129 136 138 145 150 152 153 169 226 235 236 240 243 244 248 251 256 266 274 291 292 303 309 312 315 329 331 341 350 360 366 368 369 411 416 423 438 439
438 8 29 103 117 161 183 203 209 213 224 284 293 340 394 410
439 8 10 11 23 30 41 53 56 94 98 103 109 119 140 165 172 173 182 186 187 193 196 219 223 229 268 272 276 293 295 306 310 319 337 401 404 428 440 443
440 3 12 23 191 197 203 259 264 272 313 340 348 350 355 358 414 426 438 443
441 99 228 233 290 300
442 76 127 259 280 326 338 369 371 414
443 5 42 44 55 66 71 116 203 250 264 303 370 373
444 42 119 122 158 203 260 261 307 375
445 95 146 187 266 307 394
