#causal_discovery_varlingam.py data/sp500_return_80.csv 2 sp500 varlingam
# GMT Sun Sep 29 00:59:37 2024
# 
0 57 101 136 237 241
1 201 388
2 16 392 403
3 32 67 83 139 202 233 290 293 370 420 443
4 35 102 161 324
5 16 17 223 245 318
6 12 55 63 77 97 106 122 132 201 225 280 308 440
7 102 183 223 340
8 8 28 78 103 134 209 211 221 250 257 269 301 394 403 418
9 10 29 86 119 127 141 173 242 275 326 330 369 382 392 440
10 3 6 7 9 49 67 101 107 121 132 137 171 175 176 186 194 197 210 214 231 260 272 307 309 311 347 353 364 373 381 415 417 418
11 17 50 144 179 231 261 297 338 360
12 0 7 35 77 107 134 139 143 250 279 284 365 381 414
13 94 126 130 145 377 417 434
14 13 16 32 56 64 122 128 138 139 145 149 150 160 173 174 248 266 272 288 314 315 334 354 378 420 442
15 9 15 26 33 119 147 218 228 296 338 369
16 6 7 20 26 56 78 81 83 84 89 113 114 119 126 139 153 173 174 189 198 209 217 235 236 265 278 292 305 310 316 318 320 322 326 333 335 344 353 362 374 404 421 433 439 440
17 8 27 58 63 71 202 420
18 0 18 97 161 189 207 236 266 285 364 370 399
19 42 45 103 144 146 189 211 215 225 266 282 318 324 342 398 410 424 434
20 62 139 173 196 265 341 408
21 117 212
22 224 284 293 353 356 420
23 34 67
24 4 6 34 35 66 77 89 97 118 126 175 191 212 216 255 321 375 376 383 387 408 421 438 440
25 47
26 20 39 84 99 108 122 189 212 221 229 236 271 320 321 373 386 440
27 129 441
28 229
29 284
30 61 78 129 141 150 198 349 365 388
31 10 17 27 53 55 58 63 73 135 171 197 203 206 207 223 251 261 276 313 317 319 332 343 348 357 359 365 368 376 383 387 408 415 418 419 426 433
32 24 141 219 264 279 386 397
33 33 42 44 48 56 57 63 77 114 137 144 267 273 301 316
34 10 27 60 99 102 121 133 139 143 154 161 174 175 183 208 217 237 255 259 273 280 285 324 359 389 403
35 102 107 108 161 177 202 283 308 346 403 414
36 22 66 77 78 83 93 108 122 134 143 174 200 259 276 294 358 373 443
37 6 9 10 17 21 26 34 66 174 206 217 218 242 255 258 271 305 307 343 354 386 408 418 427 439
38 178 192 283
39 72 94 170 187 202 209 266 277 286 298
40 4 6 12 56 58 61 70 71 107 113 118 139 140 187 213 271 297 300 302 358 369 377 394 403 418 440
41 44 77 161 181 192 260 272 280 285 324 338 349 369 381 424
42 68 69 74 116 123 146 168 212 283 304 346 363 398 413 416 420 424
43 42 48 64 81 128 129 145 150 203 253 288 291 369
44
45 40 42 68 127 144 146 166 209 239 317 363 367 386 398 434
46 0 8 118 139 143 163 175 250 278 385 394 400 438
47 15 24 26 37 78 87 92 126 137 159 192 203 205 211 239 272 285 322 323 347 351 357 358 371 376 408 412 419 421 423
48 48 173 196
49 95 214 218 253 298 299 308 318 320 340 388 395 428
50 1 99 108 127 170 171 178
51 2 4 11 47 56 92 101 105 113 119 125 133 192 194 204 251 294 297 314 326 349 351 354 363 368 380 395 404 410 441 443
52 16 18 25 42 46 87 95 126 143 156 174 189 198 225 258 278 279 293 299 312 320 322 333 344 351 374 395 399 425 434
53 258 291 431
54 108 386
55 0 5 17 57 64 70 132 201 202 223 253 291 370 385 427
56 44 80 145 154 318
57 114 130 430
58 3 27 371 441
59 89 170 177 179 218 222 223 258 301 371 376 386
60 7 12 22 41 77 79 80 102 119 122 130 154 175 179 201 207 213 236 257 258 293 307 326 335 347 355 356 375 404 440 443
61 24 32 44 56 308 389
62 78 103 300 365
63 72 377
64 21 57 225 262 279 308 361 377
65 20 49 87 95 134 136 139 164 180 184 190 213 215 217 225 287 296 327 346 403 404 438
66 56 191 264 291 370
67 23 100 167 181 213 221 231 244 257 267 275 283 285 318 330 340 352 353 381 387
68 62 123 154 190 194 242 248 293 413 416
69 66 377 392
70 9 32 100 226 231 263 274 301 356 377 392
71 3 130 430
72 25 91 114 148 228 253 340 410 414 418 423
73 16 18 21 26 30 37 65 84 103 105 108 140 165 171 180 189 195 205 233 236 261 271 292 299 312 319 320 334 341 348 361 387 390 391 419 421 427 431
74 196 268 398
75 0 16 23 33 34 37 51 121 126 128 135 143 164 167 170 171 205 215 235 237 240 255 273 280 291 303 323 324 325 335 353 355 374 377 404 415 416 419 425
76 89 116 183 218 224 282
77 0 22 35 44 56 74 91 118 143 154 203 266 271 294 308 365 370 381 386 389 414
78 0 23 32 34 57 77 83 91 97 113 158 190 279 293 307 326 340 385 388 395
79 97
80 70
81 91 142 221 325
82 7 101 129 139 192 210 220 305 309 312
83 78 97 203 267 300
84 21 57 132 269 271 291 318 378 389 393 431
85 12 38 57 63 103 316 346
86 81 85 86 139 196 230 270 325 392 428
87 4 33 57 59 94 116 128 141 157 164 181 190 201 221 227 253 257 260 282 285 291 312 313 315 344 360 381 413 445
88 179
89 47 78 202 296 328 386 404 426
90 11 60 89 102 127 161 259 335 356 400 435 442
91 0 28 56 95 114 141 148 161 178 184 190 253 283 356 370 386 418 423 424 426
92 10 13 14 15 17 40 43 64 76 79 83 113 122 126 128 138 145 150 198 202 225 231 245 248 288 291 304 311 315 316 319 325 331 347 353 369 392 424 428 442
93 33 137 273 278
94 89 94 145 201 296 361
95 61 83
96 78 103 109 157 296 310
97 53 173 191 213 296 370 440 443
98 73 141 173 242 270 277 360 370 429 445
99 233 263 361
100 88 172 263 361
101 54
102 22 23 78 201 415
103 22 57 170 224 298 308 358 385 400 430
104 63 78 262 327 403
105 0 10 30 64 82 88 127 129 153 159 162 167 186 203 214 255 257 278 280 294 310 336 350 351 369 373 379 404 409 433
106 74 121 143 259
107 0 24 102 107 257 263 298 308 414
108 3 194 270 399 420 430
109 23 39 56 98 116 119 158 177 183 187 203 212 236 286 313 314 326 371 377 379 417 424 435
110 77 143 150 283 284 328
111 10 13 14 15 43 78 92 94 96 128 152 180 273 274 280 288 306 315 351 353 355 368 369 376 379 401 403 409 416 423 424 429
112 16 25 165 170 239 287 397 420
113 134 139 167 171 190 192 211 221 228 253 255 258 324 330 410 435
114 80 275
115 11 16 30 32 37 49 51 54 56 74 78 95 121 145 156 157 158 162 171 180 203 205 213 236 237 251 254 334 346 347 359 368 378 402 404 405 407 410 433
116 114 130 215 241 326
117 15 41 42 44 56 64 119 148 159 236 258 266 270 273 302 322 370 398 412 426 433 443
118 54 102 148 347 349
119 26 39 71 88 120 170 192 196 221 253 257 275 307 340 410 414 417
120 13 51 53 61 71 88 99 101 102 108 116 120 122 132 137 164 167 178 196 201 203 204 212 291 313 324 325 350 361 362 378 385 410 415 418 431 435
121 12 27 56 98 119 120 122 128 134 174 179 200 284 298 313 314 324 326 333 360 389 400 410 426 436 440
122 17 42 88 119 154 241 257 264 400 410
123 416
124 36 309 327 352 386 430 442
125 30 67 78 92 94 116 121 127 140 141 165 166 167 187 193 217 218 219 221 232 285 286 295 300 303 308 310 313 321 326 328 337 349 351 362 374 383 395 417 423 439
126 1 4 7 19 26 28 29 33 40 41 42 43 59 77 94 97 101 114 123 138 144 155 173 176 189 198 204 210 211 228 235 236 237 256 259 269 283 302 303 304 314 325 334 342 363 367 374 398 406 421 422 433 435
127 183 190 356
128 13 20 40 57 99 100 138 145 150 181 203 226 241 263 271 272 288 377 416 428
129 14 63 290 430
130 70 191 335
131 6 9 15 36 39 56 62 70 76 78 87 96 98 109 110 125 152 158 159 166 167 173 180 187 188 193 204 277 286 295 296 300 306 310 313 328 336 337 354 355 379 405 422 429 433 436 439
132 91 101
133 23 44 64 76 77 134 212 260 285 301 393
134 190 201 203 289 376
135 40 47 64 73 113 117 121 125 131 135 140 158 165 167 177 180 195 204 205 216 218 219 270 297 310 328 351 359 364 368 376 409
136 12 14 49 52 67 92 94 111 128 143 149 152 186 232 237 239 314 315 357 360 366 369 376 378 390 417 423 428
137 143 233 261 279 420
138 13 130 145 149 289 291 353
139 4 116 182 212 235 310 419 445
140 14 23 41 53 59 61 74 78 113 145 167 203 255 272 285 300 321 324 333 394
141 108 136 150 322 376 404
142 136 211 275 287
143 7 44 89 107 123 136 143 154 161 353 378
144 22 35 63 71 108 146 183 202 218 219 253 271 282 303 330 333 350 356 398 413 426 431 434
145 21 84 175 196
146 21 94 132 183 342 389 415
147 21 31 36 67 182 190 193 362 397
148 16 112 139 141 148 228 266 325 335 423
149
150 13 251 369
151 27 223 272 303
152 4 9 13 14 15 39 92 94 126 138 149 160 276 286 288 296 315 331 429
153 10 15 33 82 88 101 124 137 157 159 176 201 229 242 249 311 320 349 356 378 404 440 442
154
155 14 19 33 42 45 99 123 143 150 191 192 220 253 257 287 367 416 418 426
156 16 34 67 78 90 97 104 109 112 122 126 153 170 186 194 207 221 231 254 275 295 307 313 335 387 389 421 435
157 27 50 211 326 403
158 4 39 56 66 72 88 187 218 275 289 387 414
159 7 61 80 112 132 133 220 231 249 297 300 305 316 352 369 395 399 403 428 442
160 149 386
161 0 22 102 103 107 201 224 298 385 414
162 9 10 15 60 64 84 132 163 208 255 260 263 307 311 399 407 429
163 6 23 67 128 156 272 294 428
164 8 9 15 59 88 95 211 212 225 227 289 340 344 418 425
165 0 6 41 56 153 162 208 291 309 374 387 422 428
166 55 91 218 303 349 435
167 202 296 435
168 64 89 101 123 202 228 342 358 393
169 28 31 36 37 40 47 51 66 105 119 125 153 157 162 175 180 192 204 205 206 212 217 219 222 239 242 243 246 247 251 257 270 294 307 310 313 317 324 328 329 338 354 357 358 368 374 376 380 381 385 395 402 403 408 442
170 77 141 311
171 27 58 117 134 245
172 77 180 196 378
173 318
174 22 38 41 77 151 164 179 191 212 249 250 272 284 285 287 288 293 330 338 340 365 381
175 7 44 134 139 226 253 403 414 415
176 1 9 15 20 50 54 88 101 119 157 181 197 203 217 220 244 297 307 311 312 344 348 372 377 386 389 391 400
177 9 34 35 38 62 162 226 270 290 373 379 421 440 444
178 27 41 157 385 386
179 32 72 108 215 303 336
180 7 11 14 20 40 47 49 52 54 132 159 162 175 179 187 225 231 262 278 280 298 299 300 321 327 351 357 358 379 381 382 401 425 433
181 27 80 141 157 190 192 201 223 307 313 364
182 56 147 212 231 255 347 433 443
183 78 189
184 0 39 64 87 89 90 161 164 170 182 215 227 232 249 266 278 282 303 344 349 370 375 383 395 405 445
185 63
186 0 58 66 76 139 192 249 257 258 263 264 270 303 312 426 430
187 98 108 173 182 272 275 277 300 360 376 429 434
188 96 130 290 315
189 22 51 79 127 173 183 210 227 266 291 318 330 341 358 371 400
190 381
191 9
192 5 53 61 72 108 112 161 212 245 257 258 389 392
193 15 23 39 80 109 142 174 179 182 236 286 297 300 338 349 362 422
194 12 26 103 177 201 209 270 280 315
195 264 410 441
196 22 62 103 205 271 287 304
197 35 55 71 137 170 308
198 10 11 12 15 19 42 45 76 78 90 121 144 170 185 187 190 207 209 228 231 237 257 258 267 278 300 309 311 314 325 334 340 355 363 367 371 395
199 70 100 147 190 223 226 263 361 386 397 443
200 17 26 83 127 161 209
201 15 177 190 267 298 308 327
202 27 283 293 298 377
203 47 53 64 71 103 191 197 253 257 291 312 326
204 2 6 11 15 16 24 30 35 37 38 43 47 49 59 60 67 72 77 79 82 104 105 120 125 129 133 140 141 153 156 165 166 167 177 184 190 191 194 197 205 206 208 213 216 217 219 221 224 235 239 250 253 258 260 262 263 267 270 279 287 297 305 321 323 324 328 332 334 335 338 341 345 346 350 351 360 361 363 364 365 374 376 383 395 399 404 405 419 433 434 436
205 10 15 40 44 55 67 70 78 94 102 103 134 137 167 199 213 242 268 274 319 326 330 359 379 392 404 421
206 55 96 283 290 324 370 387
207 4 7 11 27 58 63 70 78 143 171 191 206 324 343 358 415 422
208 198 226 379
209 21 201 229 250 284 293 394
210 7 12 102 106 186 259 280 298 338 346 353
211 23 191 196 284 325 391 432 434
212 0 107 148 218 224 253 257 340 363 370 378 397 410
213 64 161 196 224 253
214 42 70 428
215 99 108 130 170 287 300
216 6 12 97 101 106 129 196 197 202 210 268 271 279 290 293 311 323 324 343 355 396 419
217 6 28 41 78 106 174 179 181 183 192 197 204 272 280 300 313 318 321 330 349 370 372 381 399 422 428 434 444
218 32 56 61 74 157 211 241 262 318 346 363 371 389 391 417 432
219 40 70 114 130 161 194 198 202 231 259 270 295 309 313 321 330 336 349 365 379 381 385 388 413 440
220 61 148 305 313 370 403 418
221 32 83 192 212 218 312 356
222 6 10 11 12 16 24 31 34 35 41 42 43 47 51 54 64 67 75 77 85 97 115 126 133 135 137 153 158 162 163 165 175 177 189 195 204 205 207 210 216 217 238 239 240 242 243 248 251 269 283 285 300 309 311 334 337 345 347 348 350 351 356 357 358 364 365 370 376 380 383 411 414 419 433 441 444
223 63 71 148 218 233 245 263 271
224 203 280 314 354
225 82 88 342 361 389
226 86 100 154 170 172 196 201 263 282 303 316 361 377 392
227 114 169 184 203 318 353 371 445
228 11 170 229 233 252 342 363 370 410 425
229 49 94 272 394 399
230 81 85 88 183 211 316 325 378 417 431
231 30 69 74 77 297 354 409
232 57 139 346
233 34 284 290
234 16 99 103 178
235 34 67 70 82 90 113 114 140 147 153 159 174 175 205 212 213 215 220 248 273 283 297 299 321 325 364 369 375 403 404
236 0 8 20 32 76 84 173 179 201 258 282 308 333 341 377 410 428 442
237 3 11 71 124 176 178 186 234 248 309 352 367 384 386 388
238
239 24 37 62 66 86 92 96 118 119 121 122 165 176 183 186 227 231 250 253 254 267 268 274 298 303 307 311 335 350 352 353 373 374 376 405 412 419 421 426 428 439
240 2 12 16 34 49 60 74 80 101 102 108 115 116 117 118 126 127 140 156 170 174 204 212 219 235 239 244 249 250 251 258 259 267 302 303 318 322 324 328 336 345 358 359 374 376 400 410 429
241 308 398
242 28 56 74 77 94 103 133 139 161 174 218 250 338 348 350 438
243 23 37 40 42 47 51 62 72 73 75 78 82 111 114 115 121 122 131 135 148 153 156 158 167 174 194 198 203 204 205 217 235 240 275 280 286 290 300 317 323 328 330 338 349 359 368 405 407 411 439
244 35 70 208 231 297 375 428
245 58 63 70 116 314 352
246 376
247 0 3 5 12 15 16 18 20 26 31 32 35 51 52 73 87 95 104 105 113 115 118 119 131 135 136 140 147 148 153 162 166 167 173 174 180 185 186 189 202 204 216 218 221 222 233 236 240 243 265 271 276 278 283 289 299 303 317 318 322 324 327 333 337 344 347 355 357 364 382 387 396 402 405 411 426 442 443 444 445
248 28 100 114 145 351 352
249 8 50 100 258 267 388 391 392
250 23 28 77 130 229 257 258 301 352 394
251 25 44 47 90 112 127 153 154 156 159 180 203 235 239 257 266 284 303 307 332 340 357 359 397 404 439
252 189 275 290
253 266 346 400
254 10 54 60 90 108 124 130 178 186 198 205 231 234 237 307 335 347 384 385 386 422
255 12 29 77 97 160 201 290 321 381 388 435
256 11 19 23 33 42 45 78 97 123 133 144 145 146 155 168 196 203 223 238 257 304 340 353 367 373 392 398 429
257 22 203 353 377 435
258 196 203 267 291
259 67 108 127 186 201 223 263 274 283 356
260 8 12 28 29 44 46 53 55 58 77 132 134 143 209 213 218 250 280 284 288 301 375 381 394 400 435 438 439
261 3 17 36 61 63 71 108 121 197 218 221 223 241 245 271 275 276 332 399
262 16 32 42 61 64 146 287 317 423 435
263 194 279 290
264 8 34 55 116 223 230 264 291 324 356 428 430
265 10 18 23 32 61 71 178 213 244 263 267 342 360 378 431 434
266 190 252 253 259 314 357 376 385
267 69 83 207
268 6 9 10 27 33 53 70 86 100 172 176 199 202 226 230 311 316 334 361 373 392
269 61 381 399
270 17 30 40 70 166 167 179 258 268 286 290 314 340 358 359 412
271 21 62 89 99 189 242 267 287 385 420 431
272 46 51 77 82 118 141 147 173 221 223 257 271 272 274 308 349 373 385 417 420
273 7 70 137 171 268 278 283 301 316 319 361
274 86 99 100 108 146 196 263 300 316 326 358 417 428
275 70 80
276 5 32 171 209 223 245 264 387 443
277 142 173 202 360
278 4 20 22 28 32 59 61 83 91 102 103 129 132 167 168 185 189 225 236 274 275 303 318 324 327 333 346 350 415 418 431
279
280 35 103 107 201 209 218 231 238 293 326 365 430
281 12 18 270 336
282 67 445
283 23 279
284 28 79 275
285 7 8 46 77 154 179 209 213 220 253 260 284 301 319 324 338 348 349 375 394 430 438
286 187 230 259
287 13 32 47 83 89 114 196 202 205 213 269 279 290 365
288 108 158 160
289
290 12 34 60 67 90 161 174 190 285 355 360
291 99 149 369
292 388
293 44 80 137 212
294 71 84 89 103 108 139 202 221 246 264 325 414
295 39 67 70 72 74 122 141 182 193 208 211 224 275 277 347 355 362 364 375 388 441
296 44
297 29 39 56 104 174 190 213 242 244 260 283 300 353 395 403 418 435 443
298 57 167 224 308
299 4 11 59 63 65 77 87 115 137 202 210 218 242 271 275 280 282 304 309 312 327 346 360 371 378 389 401 417 442
300 8 38 42 72 113 158 273 275 287 289 296 300 312 319 335 371 435 438
301 22 23 29 181 254 284 293 394
302 112 201
303 55 137 148 190 253 267 338
304 48 61 168 228 248 252 279 342 394 424 434
305 21 34 91 178 264
306 15 56 94 109 112 314
307 59 64 84 106 134 137 170 190 192 212 283 315 378 381 418
308 166
309 1 22 24 37 44 50 70 176 186 190 202 226 228 231 334 364 377 383 417 442
310 39 60 71 78 92 93 109 110 113 126 142 158 187 193 217 237 238 244 270 271 273 278 289 295 318 362 369 429 436
311 6 35 41 47 64 103 119 141 149 163 173 192 201 210 214 274 289 320 356 389 400 422 438 442
312 56 59 76 95 103 112 126 130 150 162 164 178 282 333 346 360
313 0 72 73 83 84 91 148 158 183 250 340 358 386 399 408 423 426 435
314 19 33 42 45 51 68 123 139 148 196 214 256 304 314 324 326 367 383 416 424 442
315 149 160 230 286
316 172 201 232 239 370 377
317 9 14 17 63 65 108 158 171 186 202 223 241 245 261 268 276 297 332 334 376 379 401 404 434 439
318 32 141 158 170 190 318 324 342 367
319 9 10 33 38 49 70 76 85 86 103 139 171 175 199 201 202 223 226 230 259 268 274 276 280 303 316 326 353 354 420 430
320 25 84 204 225 257 343 389 431
321 12 41 72 91 101 109 141 148 166 170 174 175 181 192 196 242 244 292 313 349 371 418 423
322 6 9 38 56 77 89 97 127 139 143 169 180 186 202 212 214 258 262 302 324 349 373 405 422 434
323 15 62 71 77 157 190 205 211 219 235 270 273 297 299 310 319 358 359 419 422 432
324 0 74 154 229 267 283 324 434
325 33 303
326 59 137 170 201 289 316
327 15 26 34 47 52 59 74 87 90 114 118 121 122 137 161 164 184 198 219 221 227 236 250 255 265 278 282 299 307 311 312 318 323 340 346 357 360 365 367 371 374 376 390 421 425 443
328 36 53 101 103 129 141 148 166 167 176 177 183 201 217 231 236 298 312 321 349 423 435
329 13 14 16 26 37 39 43 47 48 61 73 84 86 92 94 97 111 126 128 136 138 145 149 150 176 204 205 214 222 223 239 248 253 274 286 287 289 291 304 315 317 323 331 334 351 361 366 369 386 407 408 430 440
330 83 203 358 423
331 14 94 128 138 149 172 212 230 231 274 291 315 369 407
332 17 63 242 283 343 356 435
333 35 38 53 66 74 80 89 99 121 148 182 189 201 218 224 228 265 287 305 318 324 333 426
334 19 45 68 99 106 128 145 146 155 157 168 186 196 244 256 262 271 294 300 301 313 314 325 350 367 376 413 424 442
335 12 54 67 97 101 122 178 185 237 244 292 300 303 317 347 355 385 388 396 409 442
336 97 121 158 181 183 208 235 290 305 306 328 385 393
337 23 34 39 77 96 102 109 110 113 122 134 142 175 179 182 193 202 212 213 219 235 253 286 295 297 301 310 315 362 410 421 430 436
338 12 23 28 46 64 134 192 318 375 387 394
339 66 443
340 0 22 74 76 102 233 253 257 280 318 393
341 84 194 430 431
342 37 174 203 208 303 413
343 17 27 48 58 171 213 258 305 414 415
344 67 83 99 172 224 227 275 318 346 349 360 363 377 390 414 445
345 1 10 16 24 35 47 58 78 95 105 127 156 171 183 195 198 203 207 208 214 216 219 237 239 254 278 289 311 313 349 357 358 379 389 395 399 404 408
346 61 114 126 127 191 264 283 360 389 403 415 434
347 1 128 139 174 176 183 185 189 190 191 234 237 255 261 292 301 325 364 388 409 410 435 444
348 213 400 443
349 64 107 141 148 167 192 213 215 220 221 253 313 333 381
350 322 370 392
351 0 4 12 27 30 34 40 41 49 101 118 119 129 141 157 163 166 170 174 176 179 194 197 219 235 242 257 268 287 303 313 315 321 336 341 349 354 359 369 374 376 383 386 387 398 419 421 428 439
352 50 330 385 400
353 56 89 229 432
354 4 10 63 71 141 158 174 176 192 230 242 246 272 276 280 287 294 297 300 311 395 438
355 5 15 33 55 57 121 122 150 202 253 422 429
356 32 170
357 9 10 59 60 61 67 79 84 87 89 101 130 132 133 165 174 177 191 244 253 255 269 278 279 289 290 299 300 311 312 314 333 334 340 344 346 360 381 394
358 263 421
359 23 74 124 140 143 171 186 203 230 249 283 300 303 330 364 365 426 443
360 21 39 47 57 225 282 291 356 431
361 6
362 26 132 141 166 170 171 178 182 187 242 259 272 289 307 308 310 373 378
363 68 70 74 149 191 205 279 413
364 1 7 11 22 67 78 89 137 186 192 201 211 217 242 244 267 303 330 358 362 386 388 391 402 420
365 7 8 35 53 57 84 108 128 161 167 213 220 293 365 373 393
366 14 33 48 70 82 111 145 149 152 168 175 186 188 196 204 209 223 259 263 268 276 278 288 315 319 337 386 404 430 439
367 42 59 68 84 85 108 126 144 168 189 218 228 241 304 325 342 363 367 369 377 403 413 416 438
368 6 17 34 37 88 117 137 151 186 204 214 216 259 262 307 318 323 338 345 346 351 355 357 376 407 410 412 420 442
369 48 63 64 66 94 103 121 132 138 172 201 209 286 288 303 315 360 365 383
370 61 196 347 393 430
371 61 65 74 225 266 316 318 334 389 445
372 157 179 194 208 280 294 298 312 347 348 357 381 426
373 30 57 129 273
374 12 104 107 133 139 165 176 183 186 198 210 217 218 258 259 270 272 307 335 338 347 349 359 364 372 388 395 417 418 426 442
375 2 4 8 12 38 46 77 91 209 212 213 250 284 293 298 339
376 4 16 33 34 49 53 55 66 97 116 130 151 162 177 191 197 205 223 241 264 290 291 310 311 314 348 360 379 383 386 392 399 401 408 419 440 443
377 53 99 430
378 34 128 170 188 224
379 55 57 199 268 274 303 316 319 335 373 377 384
380 6 103 122 134 151 159 177 192 196 212 273 323 347 355 429 430 442
381 0 23 59 67 103 114 165 173 213 218 250 316 394 414 423 438
382 16 18 20 24 32 34 36 49 52 66 87 95 127 164 165 181 183 184 218 219 220 236 239 254 255 261 268 270 271 282 292 299 300 316 326 327 328 334 344 345 357 360 364 395 408 412 425
383 4 55 73 84 97 108 194 203 215 220 242 244 261 264 279 318 387 430 440
384 50 54 99 124 176 178 186 233 234 248 249 352 386 399 409 430
385 167 182 316
386 151 171 231 324 330 352 370 377 401 414 424 442
387 0 5 16 22 33 53 55 118 130 143 197 215 264 283 296 309 324 426
388 127 178 290 367 385 400 435
389 32 56 74 263 279 299 348 356 408
390 3 4 10 16 20 26 34 37 40 61 84 88 119 126 130 134 192 203 225 236 237 255 259 262 272 309 319 320 328 341 379 399 401 428 431 442
391 47 108 238
392 196 264 298
393 44 202 252
394 224 269 287 308 389 392 394
395 12 32 83 102 103 113 118 132 146 157 192 195 197 201 212 279 330 346 348 375 383 395 400 409 440
396 56 178 185 213 237 292 309 327 332 347 404 418
397 156 275 357
398 13 74 140 146 188 267 287 293 346 357 368 400 410 424 435
399 93 116 128 212 241 305 373
400 91 279 323
401 36 57 83 116 130 140 143 191 200 264 274 378 387 424 442
402 9 16 20 21 24 26 30 37 49 55 62 65 73 101 112 119 125 129 131 132 150 156 173 176 179 180 184 191 198 200 212 219 235 236 239 251 262 270 273 279 287 289 299 304 312 316 318 320 323 327 333 345 346 357 368 371 382 383 385 392 409 428 429
403 32 34
404 27 76 82 103 126 141 159 217 220 255 280 297 319 354 384 401
405 11 21 56 72 78 91 125 150 166 198 207 219 235 270 285 290 295 313 323 336 338 340 343 363 372 375 395 400 410 412 434
406 31 36 41 49 51 52 73 76 77 84 87 103 105 109 115 134 156 164 169 173 180 184 195 199 217 218 222 227 240 243 247 269 272 276 282 297 299 312 317 327 330 336 338 346 348 350 353 368 376 382 395 401 402 411 419 425 433 437 439
407 12 255 300
408 0 8 11 55 60 79 85 88 116 126 128 136 151 171 179 190 191 210 212 215 226 261 268 291 312 324 357 370 383 396 399 412 440
409
410 267 299 318 357
411 24 31 43 78 80 115 131 137 175 180 188 204 210 219 261 280 283 310 323 348 369 402 405 429 439
412 137 153 157 207 237 242 300 307 309 346 364 383 389 392 404 442
413 190 296 299
414 22 171 291 360
415 27 58
416 148 180 370
417 149 201 203 378
418 127 203 253
419 0 9 34 51 56 66 72 78 116 118 126 165 205 206 207 217 258 272 283 290 298 311 324 328 332 347 349 359 363 383 387 395 408 421 438 440 443
420 121
421 36 44 69 77 93 116 200 346 373 383 387 399 401
422 2 40 49 56 132 143 161 194 201 208 242 250 260 284 285 298 301 372 375 442 444
423 87 92 126 145 163 192 258 288 315 369 399
424 11 15 148 297 343 416
425 59 95 120 170 180 201 225 287 443
426 21 252 258 267 271 318 364 391
427 39 165 314 369 424 429
428 51 53 61 64 162 212 284 352 353 377 378
429 42 56 94 110 158 182 196 306 314 369 435 444
430 12 99 248 353 361 416
431 291 381
432
433 10 11 54 64 74 97 143 151 154 174 177 183 208 231 254 264 291 311 355 407
434 116 190 191 201 278 353 376 394 395 445
435 11 202 252 257 266
436 0 1 15 54 88 101 110 128 133 142 193 205 273 300 349 381 399
437 13 14 15 16 31 34 40 43 44 47 62 73 75 92 105 111 119 128 129 136 138 141 142 145 148 150 152 153 169 172 183 226 235 236 240 248 268 273 274 292 309 312 315 326 329 331 337 341 366 369 416 423 430 439 442
438 8 103 117 161 183 203 209 224 229 250 253 284 301 394
439 9 10 30 55 59 82 98 109 140 165 172 186 187 193 196 198 219 229 264 268 272 276 293 295 300 306 310 319 337 362 367 379 401 402 404 423 428 429 440 443
440 3 12 23 36 53 74 139 170 191 197 203 264 272 316 324 326 333 348 350 355 358 387 388 426 443
441 67 99 108 228 233 268 290 300 430
442 10 76 116 127 259 280 306 414
443 5 44 55 66 71 203 250 264 303 335 376 434 442
444 39 41 122 127 158 203 260 285 375
445 187 307 394
